-6.260172277688980103e-02 -3.292179852724075317e-02 -7.615898847579956055e-01 -9.728229641914367676e-01 1.011682748794555664e-01 -2.082797586917877197e-01
1.052284706383943558e-02 -1.450862288475036621e-01 -7.564423680305480957e-01 -9.728229641914367676e-01 1.011682748794555664e-01 -2.082797586917877197e-01
-1.291031483560800552e-02 -5.869950354099273682e-02 -7.057334780693054199e-01 -2.315501570701599121e-01 -4.250431954860687256e-01 8.750559091567993164e-01
-1.898429542779922485e-01 2.604177966713905334e-02 -8.263653516769409180e-01 2.315501570701599121e-01 4.250431954860687256e-01 -8.750559091567993164e-01
-1.115325242280960083e-01 -4.770176112651824951e-02 -8.400340080261230469e-01 -2.315501570701599121e-01 -4.250431954860687256e-01 8.750559091567993164e-01
1.045595016330480576e-02 -7.558771967887878418e-02 -7.533462047576904297e-01 -1.812134236097335815e-01 -8.925940990447998047e-01 4.128407239913940430e-01
-2.021836638450622559e-01 8.720859140157699585e-02 -7.984910011291503906e-01 -2.315501570701599121e-01 -4.250431954860687256e-01 8.750559091567993164e-01
-1.131001189351081848e-01 8.978197723627090454e-02 -7.736684679985046387e-01 -2.315501570701599121e-01 -4.250431954860687256e-01 8.750559091567993164e-01
-3.100600279867649078e-02 -3.513782471418380737e-02 -7.534152269363403320e-01 9.728229641914367676e-01 -1.011682748794555664e-01 2.082797586917877197e-01
2.109939903020858765e-01 4.973720759153366089e-02 -7.115429639816284180e-01 -2.315501570701599121e-01 -4.250431954860687256e-01 8.750559091567993164e-01
-8.526690304279327393e-02 -1.292293816804885864e-01 -7.647059559822082520e-01 -2.044466584920883179e-01 4.699949175119400024e-02 9.777487516403198242e-01
-1.601274907588958740e-01 5.804310739040374756e-02 -8.015290498733520508e-01 -2.315501570701599121e-01 -4.250431954860687256e-01 8.750559091567993164e-01
-1.109586060047149658e-01 4.299901798367500305e-02 -7.958258390426635742e-01 -2.315501570701599121e-01 -4.250431954860687256e-01 8.750559091567993164e-01
-1.118384767323732376e-03 -4.837501421570777893e-02 -7.259492278099060059e-01 -3.071300173887914382e-16 8.995016813278198242e-01 4.369173347949981689e-01
-7.045105099678039551e-02 -5.632863845676183701e-03 -7.805690169334411621e-01 2.044465541839599609e-01 -4.700057953596115112e-02 -9.777487516403198242e-01
-3.589095175266265869e-02 -4.423904418945312500e-02 -7.402904629707336426e-01 3.071300173887914382e-16 -8.995016813278198242e-01 -4.369173347949981689e-01
1.153619401156902313e-02 -3.882314264774322510e-02 -7.509225010871887207e-01 9.728229641914367676e-01 -1.011682748794555664e-01 2.082797586917877197e-01
-1.461049467325210571e-01 7.012628018856048584e-03 -8.240348696708679199e-01 2.315501570701599121e-01 4.250431954860687256e-01 -8.750559091567993164e-01
-2.266268618404865265e-02 -3.667028248310089111e-02 -7.525328397750854492e-01 9.728229641914367676e-01 -1.011682748794555664e-01 2.082797586917877197e-01
-6.583368778228759766e-02 1.775124482810497284e-02 -7.807279825210571289e-01 2.044465541839599609e-01 -4.700057953596115112e-02 -9.777487516403198242e-01
1.443204935640096664e-02 -8.853738009929656982e-02 -7.795978784561157227e-01 -1.812134236097335815e-01 -8.925940990447998047e-01 4.128407239913940430e-01
8.011653274297714233e-02 1.084308624267578125e-01 -7.176652550697326660e-01 -2.315501570701599121e-01 -4.250431954860687256e-01 8.750559091567993164e-01
3.414363041520118713e-02 7.114632427692413330e-02 -7.553148865699768066e-01 8.853594213724136353e-02 9.936712980270385742e-01 6.912919878959655762e-02
-2.035659402608871460e-01 4.717667028307914734e-02 -8.197307586669921875e-01 2.315501570701599121e-01 4.250431954860687256e-01 -8.750559091567993164e-01
-1.282770335674285889e-01 1.800140365958213806e-02 -8.125506639480590820e-01 -2.315501570701599121e-01 -4.250431954860687256e-01 8.750559091567993164e-01
-8.271166682243347168e-02 -1.399167627096176147e-01 -7.658168673515319824e-01 9.728229641914367676e-01 -1.011682748794555664e-01 2.082797586917877197e-01
-7.197453826665878296e-02 -5.491435900330543518e-02 -7.447229027748107910e-01 9.728229641914367676e-01 -1.011682748794555664e-01 2.082797586917877197e-01
-1.130070257931947708e-02 -6.629860959947109222e-03 -7.603017091751098633e-01 -1.087090000510215759e-01 -9.937579035758972168e-01 2.505207061767578125e-02
-7.969570904970169067e-02 -1.218333616852760315e-01 -7.711200118064880371e-01 9.728229641914367676e-01 -1.011682748794555664e-01 2.082797586917877197e-01
-2.837147191166877747e-02 3.724737837910652161e-02 -7.653550505638122559e-01 -2.044465392827987671e-01 4.700057953596115112e-02 9.777486920356750488e-01
2.357725799083709717e-02 -8.908101171255111694e-02 -8.025223612785339355e-01 9.728229641914367676e-01 -1.011682748794555664e-01 2.082797586917877197e-01
-6.688234955072402954e-02 4.985911771655082703e-02 -7.724862694740295410e-01 -9.728229641914367676e-01 1.011682748794555664e-01 -2.082797586917877197e-01
-2.222985774278640747e-01 1.279074400663375854e-01 -7.849503159523010254e-01 -9.728229641914367676e-01 1.011682748794555664e-01 -2.082797586917877197e-01
-1.422085165977478027e-01 1.120523437857627869e-01 -7.705534696578979492e-01 -2.315501570701599121e-01 -4.250431954860687256e-01 8.750559091567993164e-01
2.346278168261051178e-02 -5.979749374091625214e-03 -7.493129968643188477e-01 -9.728229641914367676e-01 1.011682748794555664e-01 -2.082797586917877197e-01
-1.742783002555370331e-02 -3.962779417634010315e-02 -7.647475600242614746e-01 1.545932441949844360e-01 -3.858831524848937988e-01 -9.095026850700378418e-01
-1.928679198026657104e-01 4.463239014148712158e-02 -8.167065978050231934e-01 -2.315501570701599121e-01 -4.250431954860687256e-01 8.750559091567993164e-01
-1.337133198976516724e-01 2.540098130702972412e-02 -8.118240833282470703e-01 2.315501570701599121e-01 4.250431954860687256e-01 -8.750559091567993164e-01
-7.261504977941513062e-02 -5.548926070332527161e-02 -7.719664573669433594e-01 9.728229641914367676e-01 -1.011682748794555664e-01 2.082797586917877197e-01
-1.255233436822891235e-01 6.613490730524063110e-02 -7.884419560432434082e-01 -2.315501570701599121e-01 -4.250431954860687256e-01 8.750559091567993164e-01
2.478961274027824402e-02 -1.601956784725189209e-02 -7.603869438171386719e-01 -9.728229641914367676e-01 1.011682748794555664e-01 -2.082797586917877197e-01
-1.817184090614318848e-01 6.136874109506607056e-02 -8.056269288063049316e-01 -2.315501570701599121e-01 -4.250431954860687256e-01 8.750559091567993164e-01
-2.158195972442626953e-01 4.671160876750946045e-02 -8.217699527740478516e-01 -2.315501570701599121e-01 -4.250431954860687256e-01 8.750559091567993164e-01
2.366306073963642120e-02 5.036671087145805359e-02 -7.577091455459594727e-01 2.044468224048614502e-01 -4.699814319610595703e-02 -9.777488112449645996e-01
2.296031266450881958e-01 9.061647206544876099e-02 -6.878533959388732910e-01 2.315501570701599121e-01 4.250431954860687256e-01 -8.750559091567993164e-01
-3.391546756029129028e-02 6.867232918739318848e-02 -7.668095231056213379e-01 -2.044466882944107056e-01 4.699925333261489868e-02 9.777487516403198242e-01
2.277351766824722290e-01 -7.538100704550743103e-03 -7.349334955215454102e-01 -2.315501570701599121e-01 -4.250431954860687256e-01 8.750559091567993164e-01
-1.476022303104400635e-01 -1.577696576714515686e-02 -8.340715765953063965e-01 -2.315501570701599121e-01 -4.250431954860687256e-01 8.750559091567993164e-01
-1.541947871446609497e-01 -2.026827074587345123e-02 -8.379976153373718262e-01 -2.315501570701599121e-01 -4.250431954860687256e-01 8.750559091567993164e-01
-6.776914745569229126e-02 -6.556671112775802612e-02 -7.715099453926086426e-01 -6.891445815563201904e-02 -9.852419495582580566e-01 -1.566818803548812866e-01
-2.022850215435028076e-01 9.559766203165054321e-02 -7.958721518516540527e-01 2.315501570701599121e-01 4.250431954860687256e-01 -8.750559091567993164e-01
-1.965807750821113586e-02 -6.093090772628784180e-02 -7.032556533813476562e-01 -2.315501570701599121e-01 -4.250431954860687256e-01 8.750559091567993164e-01
3.036341257393360138e-02 3.767998889088630676e-02 -7.603371739387512207e-01 -9.728229641914367676e-01 1.011682748794555664e-01 -2.082797586917877197e-01
-3.561465069651603699e-02 3.714336454868316650e-02 -7.668642997741699219e-01 -2.044465541839599609e-01 4.700055345892906189e-02 9.777487516403198242e-01
-1.290356069803237915e-01 5.585873872041702271e-02 -7.943628430366516113e-01 -2.315501570701599121e-01 -4.250431954860687256e-01 8.750559091567993164e-01
-1.026426330208778381e-01 1.354628652334213257e-01 -7.487125992774963379e-01 -2.315501570701599121e-01 -4.250431954860687256e-01 8.750559091567993164e-01
-2.023805230855941772e-01 3.241972625255584717e-02 -8.251558542251586914e-01 -2.315501570701599121e-01 -4.250431954860687256e-01 8.750559091567993164e-01
-3.853286057710647583e-02 2.838658541440963745e-02 -7.696576118469238281e-01 2.044468075037002563e-01 -4.699813947081565857e-02 -9.777487516403198242e-01
1.730831712484359741e-02 -7.597793638706207275e-02 -7.463107705116271973e-01 -2.044465541839599609e-01 4.700050130486488342e-02 9.777486920356750488e-01
-5.898111686110496521e-02 7.925239391624927521e-03 -7.703458070755004883e-01 -2.044465392827987671e-01 4.700057953596115112e-02 9.777486920356750488e-01
-6.916961818933486938e-02 -2.516034804284572601e-02 -7.733274698257446289e-01 9.728229641914367676e-01 -1.011682748794555664e-01 2.082797586917877197e-01
-3.008421696722507477e-02 -2.969112247228622437e-02 -7.727431654930114746e-01 3.071300173887914382e-16 -8.995016813278198242e-01 -4.369173347949981689e-01
-7.776980847120285034e-02 -6.140261888504028320e-02 -7.756771445274353027e-01 -9.728229641914367676e-01 1.011682748794555664e-01 -2.082797586917877197e-01
-1.362052559852600098e-01 1.632122099399566650e-01 -7.452978491783142090e-01 -3.071300173887914382e-16 8.995016813278198242e-01 4.369173347949981689e-01
2.274989336729049683e-01 2.177075110375881195e-02 -7.207597494125366211e-01 -2.315501570701599121e-01 -4.250431954860687256e-01 8.750559091567993164e-01
-1.006369739770889282e-01 6.183028221130371094e-02 -7.839476466178894043e-01 -2.315501570701599121e-01 -4.250431954860687256e-01 8.750559091567993164e-01
-2.604025788605213165e-02 -3.164848312735557556e-02 -7.603849172592163086e-01 -3.071300173887914382e-16 8.995016813278198242e-01 4.369173347949981689e-01
3.705607261508703232e-03 -6.354876607656478882e-02 -6.983449459075927734e-01 -2.315501570701599121e-01 -4.250431954860687256e-01 8.750559091567993164e-01
-1.428911238908767700e-01 -5.681247264146804810e-02 -8.527572154998779297e-01 -2.315501570701599121e-01 -4.250431954860687256e-01 8.750559091567993164e-01
2.187576591968536377e-01 3.156157210469245911e-02 -7.183170914649963379e-01 -2.315501570701599121e-01 -4.250431954860687256e-01 8.750559091567993164e-01
-1.186402142047882080e-01 -3.248350322246551514e-02 -8.345227837562561035e-01 -2.315501570701599121e-01 -4.250431954860687256e-01 8.750559091567993164e-01
-1.060866937041282654e-01 1.206984668970108032e-01 -7.567954659461975098e-01 -2.315501570701599121e-01 -4.250431954860687256e-01 8.750559091567993164e-01
9.632205963134765625e-02 7.941986620426177979e-02 -7.274686694145202637e-01 -2.315501570701599121e-01 -4.250431954860687256e-01 8.750559091567993164e-01
1.750410534441471100e-02 -4.011064395308494568e-02 -7.463932633399963379e-01 9.728229641914367676e-01 -1.011682748794555664e-01 2.082797586917877197e-01
-3.777775214985013008e-03 3.772168979048728943e-02 -7.609983682632446289e-01 9.728229641914367676e-01 -1.011682748794555664e-01 2.082797586917877197e-01
-2.001044340431690216e-02 -3.491777926683425903e-03 -7.653701901435852051e-01 2.044460773468017578e-01 -4.700497910380363464e-02 -9.777486324310302734e-01
-1.802109368145465851e-02 -6.014892086386680603e-02 -7.106449007987976074e-01 3.071300173887914382e-16 -8.995016813278198242e-01 -4.369173347949981689e-01
-1.411989610642194748e-02 -5.561383813619613647e-02 -7.148766517639160156e-01 -9.728229641914367676e-01 1.011682748794555664e-01 -2.082797586917877197e-01
-2.776588872075080872e-02 -4.965758323669433594e-02 -7.233087420463562012e-01 -3.071300173887914382e-16 8.995016813278198242e-01 4.369173347949981689e-01
-6.761366128921508789e-02 -2.336960751563310623e-03 -7.695088982582092285e-01 9.728229641914367676e-01 -1.011682748794555664e-01 2.082797586917877197e-01
-1.785798817873001099e-01 4.186780005693435669e-02 -8.142687082290649414e-01 -2.315501570701599121e-01 -4.250431954860687256e-01 8.750559091567993164e-01
-6.295470148324966431e-02 -4.448850452899932861e-02 -7.339505553245544434e-01 -3.071300173887914382e-16 8.995016813278198242e-01 4.369173347949981689e-01
-3.872138331644237041e-04 -7.739661727100610733e-03 -7.569823861122131348e-01 -1.087090000510215759e-01 -9.937579035758972168e-01 2.505207061767578125e-02
-1.664749383926391602e-01 1.579875797033309937e-01 -7.546623945236206055e-01 -2.315501570701599121e-01 -4.250431954860687256e-01 8.750559091567993164e-01
-3.347306326031684875e-02 -5.464857816696166992e-02 -7.188599109649658203e-01 3.071300173887914382e-16 -8.995016813278198242e-01 -4.369173347949981689e-01
-1.638515591621398926e-01 9.477556450292468071e-04 -8.302475810050964355e-01 -2.315501570701599121e-01 -4.250431954860687256e-01 8.750559091567993164e-01
2.422378771007061005e-02 -2.883705683052539825e-02 -7.471310496330261230e-01 -2.044465541839599609e-01 4.700050130486488342e-02 9.777486920356750488e-01
-2.222983092069625854e-01 1.572880893945693970e-01 -7.706804275512695312e-01 -9.728229641914367676e-01 1.011682748794555664e-01 -2.082797586917877197e-01
-7.586080580949783325e-03 -6.699487566947937012e-02 -7.562947869300842285e-01 9.646491147577762604e-03 9.164282083511352539e-01 4.000827372074127197e-01
1.593625396490097046e-01 9.320857375860214233e-02 -7.040897607803344727e-01 -2.315501570701599121e-01 -4.250431954860687256e-01 8.750559091567993164e-01
-7.759047672152519226e-03 -4.220966249704360962e-02 -7.611516118049621582e-01 -1.175505854189395905e-02 -9.199198484420776367e-01 -3.919301331043243408e-01
-1.286357939243316650e-01 -6.212339922785758972e-02 -8.515648245811462402e-01 -2.315501570701599121e-01 -4.250431954860687256e-01 8.750559091567993164e-01
-1.186380013823509216e-01 1.613904237747192383e-01 -7.415472269058227539e-01 -3.071300173887914382e-16 8.995016813278198242e-01 4.369173347949981689e-01
-2.190518379211425781e-01 6.735693663358688354e-02 -8.125971555709838867e-01 -2.315501570701599121e-01 -4.250431954860687256e-01 8.750559091567993164e-01
1.273281686007976532e-02 -4.021498933434486389e-02 -7.400285601615905762e-01 -3.071300173887914382e-16 8.995016813278198242e-01 4.369173347949981689e-01
-7.084265351295471191e-02 1.540522649884223938e-02 -7.707240581512451172e-01 -9.728229641914367676e-01 1.011682748794555664e-01 -2.082797586917877197e-01
-1.274957358837127686e-01 -3.398577217012643814e-03 -8.227385878562927246e-01 -2.315501570701599121e-01 -4.250431954860687256e-01 8.750559091567993164e-01
1.880228966474533081e-01 9.687028825283050537e-02 -6.947273015975952148e-01 -2.315501570701599121e-01 -4.250431954860687256e-01 8.750559091567993164e-01
1.910458952188491821e-01 5.494507774710655212e-02 -7.153828740119934082e-01 2.315501570701599121e-01 4.250431954860687256e-01 -8.750559091567993164e-01
-4.998609796166419983e-02 -4.101761430501937866e-02 -7.432514429092407227e-01 -9.728229641914367676e-01 1.011682748794555664e-01 -2.082797586917877197e-01
1.989899575710296631e-01 4.800052568316459656e-02 -7.155628800392150879e-01 -2.315501570701599121e-01 -4.250431954860687256e-01 8.750559091567993164e-01
-7.133167237043380737e-02 -5.762543156743049622e-02 -7.153235077857971191e-01 -2.315501570701599121e-01 -4.250431954860687256e-01 8.750559091567993164e-01
1.084037050604820251e-01 -2.522156341001391411e-03 -7.640736103057861328e-01 -2.315501570701599121e-01 -4.250431954860687256e-01 8.750559091567993164e-01
1.743437051773071289e-01 7.103235926479101181e-03 -7.419497370719909668e-01 -2.315501570701599121e-01 -4.250431954860687256e-01 8.750559091567993164e-01
-6.483000516891479492e-02 -7.396221905946731567e-02 -7.873454689979553223e-01 9.728229641914367676e-01 -1.011682748794555664e-01 2.082797586917877197e-01
1.588479429483413696e-01 1.015050187706947327e-01 -7.001960873603820801e-01 -2.315501570701599121e-01 -4.250431954860687256e-01 8.750559091567993164e-01
2.430678904056549072e-01 2.779523283243179321e-02 -7.137137651443481445e-01 -2.315501570701599121e-01 -4.250431954860687256e-01 8.750559091567993164e-01
-1.561282575130462646e-01 -3.334784507751464844e-02 -8.462915420532226562e-01 2.315501570701599121e-01 4.250431954860687256e-01 -8.750559091567993164e-01
-6.979484856128692627e-02 -1.100942716002464294e-01 -7.678313255310058594e-01 7.747547328472137451e-02 9.898735284805297852e-01 1.189452037215232849e-01
-7.207731157541275024e-02 -4.924092814326286316e-02 -7.241665720939636230e-01 -3.071300173887914382e-16 8.995016813278198242e-01 4.369173347949981689e-01
-1.958012729883193970e-01 1.005763560533523560e-01 -7.903090119361877441e-01 -2.315501570701599121e-01 -4.250431954860687256e-01 8.750559091567993164e-01
-1.966440081596374512e-01 2.776115201413631439e-02 -8.273298740386962891e-01 2.315501570701599121e-01 4.250431954860687256e-01 -8.750559091567993164e-01
1.672559678554534912e-01 2.344175614416599274e-02 -7.358890771865844727e-01 -2.315501570701599121e-01 -4.250431954860687256e-01 8.750559091567993164e-01
2.238025330007076263e-02 -2.532898634672164917e-02 -7.536553144454956055e-01 -9.728229641914367676e-01 1.011682748794555664e-01 -2.082797586917877197e-01
-6.375232338905334473e-02 -2.695449627935886383e-02 -7.783771753311157227e-01 3.071300173887914382e-16 -8.995016813278198242e-01 -4.369173347949981689e-01
-8.235544711351394653e-02 -9.439724683761596680e-02 -7.702853083610534668e-01 -9.728229641914367676e-01 1.011682748794555664e-01 -2.082797586917877197e-01
2.249482646584510803e-02 -7.394043356180191040e-02 -7.528876662254333496e-01 9.728229641914367676e-01 -1.011682748794555664e-01 2.082797586917877197e-01
-2.160824602469801903e-03 -5.216216295957565308e-02 -7.181524634361267090e-01 -3.071300173887914382e-16 8.995016813278198242e-01 4.369173347949981689e-01
-1.872040517628192902e-02 -6.947648525238037109e-02 -7.627901434898376465e-01 1.159063875675201416e-01 -5.659339427947998047e-01 -8.162624835968017578e-01
7.962782680988311768e-02 7.779785990715026855e-02 -7.337650656700134277e-01 2.315501570701599121e-01 4.250431954860687256e-01 -8.750559091567993164e-01
3.068331442773342133e-02 6.406772136688232422e-02 -7.530807256698608398e-01 -2.044466882944107056e-01 4.699925333261489868e-02 9.777487516403198242e-01
2.458490617573261261e-02 1.830178895033895969e-03 -7.507606148719787598e-01 -9.728229641914367676e-01 1.011682748794555664e-01 -2.082797586917877197e-01
-5.194813013076782227e-02 -3.617238625884056091e-02 -7.510713338851928711e-01 -3.071300173887914382e-16 8.995016813278198242e-01 4.369173347949981689e-01
1.608401238918304443e-01 2.383176051080226898e-02 -7.384884357452392578e-01 2.315501570701599121e-01 4.250431954860687256e-01 -8.750559091567993164e-01
-8.188941329717636108e-02 -8.637349307537078857e-02 -7.685646414756774902e-01 -9.728229641914367676e-01 1.011682748794555664e-01 -2.082797586917877197e-01
-3.174138441681861877e-02 -5.890574678778648376e-02 -7.054693698883056641e-01 -2.315501570701599121e-01 -4.250431954860687256e-01 8.750559091567993164e-01
-5.789636075496673584e-02 2.130751684308052063e-02 -7.707622051239013672e-01 -2.044465392827987671e-01 4.700057953596115112e-02 9.777486920356750488e-01
-3.041695617139339447e-02 5.703278630971908569e-02 -7.693377137184143066e-01 2.044468075037002563e-01 -4.699813947081565857e-02 -9.777487516403198242e-01
-1.435530781745910645e-01 -2.483708038926124573e-02 -8.388300538063049316e-01 2.315501570701599121e-01 4.250431954860687256e-01 -8.750559091567993164e-01
-3.010133281350135803e-02 -3.695620968937873840e-02 -7.625414133071899414e-01 -1.904557049274444580e-01 1.619645953178405762e-01 9.682427644729614258e-01
-1.705788820981979370e-01 1.195679306983947754e-01 -7.744100093841552734e-01 -2.315501570701599121e-01 -4.250431954860687256e-01 8.750559091567993164e-01
-6.058750674128532410e-02 -5.601973086595535278e-02 -7.117005586624145508e-01 -2.315501570701599121e-01 -4.250431954860687256e-01 8.750559091567993164e-01
-5.978268757462501526e-02 -8.173624426126480103e-02 -8.146963119506835938e-01 9.728229641914367676e-01 -1.011682748794555664e-01 2.082797586917877197e-01
1.288024187088012695e-01 4.608922079205513000e-02 -7.350637316703796387e-01 -2.315501570701599121e-01 -4.250431954860687256e-01 8.750559091567993164e-01
-1.296832710504531860e-01 8.114659041166305542e-02 -7.822510600090026855e-01 -2.315501570701599121e-01 -4.250431954860687256e-01 8.750559091567993164e-01
-4.268942400813102722e-02 -4.255258291959762573e-02 -7.437624931335449219e-01 3.071300173887914382e-16 -8.995016813278198242e-01 -4.369173347949981689e-01
1.063281744718551636e-01 8.561883121728897095e-02 -7.218098640441894531e-01 -2.315501570701599121e-01 -4.250431954860687256e-01 8.750559091567993164e-01
1.869521290063858032e-01 -8.170763961970806122e-03 -7.460324764251708984e-01 -2.315501570701599121e-01 -4.250431954860687256e-01 8.750559091567993164e-01
-1.268534958362579346e-01 -3.744486346840858459e-02 -8.405351638793945312e-01 2.315501570701599121e-01 4.250431954860687256e-01 -8.750559091567993164e-01
-1.864944398403167725e-02 -4.054867476224899292e-02 -7.420616745948791504e-01 -3.071300173887914382e-16 8.995016813278198242e-01 4.369173347949981689e-01
1.204467564821243286e-02 -3.076357953250408173e-02 -7.594866156578063965e-01 -3.071300173887914382e-16 8.995016813278198242e-01 4.369173347949981689e-01
-2.424487285315990448e-02 -4.618745297193527222e-02 -7.362791895866394043e-01 3.071300173887914382e-16 -8.995016813278198242e-01 -4.369173347949981689e-01
1.470690667629241943e-01 7.155682891607284546e-02 -7.178597450256347656e-01 -2.315501570701599121e-01 -4.250431954860687256e-01 8.750559091567993164e-01
1.768771931529045105e-02 -1.072334125638008118e-01 -7.466063499450683594e-01 9.728229641914367676e-01 -1.011682748794555664e-01 2.082797586917877197e-01
-1.508738249540328979e-01 1.457719206809997559e-01 -7.564677000045776367e-01 -2.315501570701599121e-01 -4.250431954860687256e-01 8.750559091567993164e-01
1.183675006031990051e-01 1.039591152220964432e-02 -7.562534213066101074e-01 2.315501570701599121e-01 4.250431954860687256e-01 -8.750559091567993164e-01
1.813488304615020752e-01 1.805492490530014038e-02 -7.347764968872070312e-01 -2.315501570701599121e-01 -4.250431954860687256e-01 8.750559091567993164e-01
-1.807873845100402832e-01 1.444154679775238037e-01 -7.650420665740966797e-01 -2.315501570701599121e-01 -4.250431954860687256e-01 8.750559091567993164e-01
2.439811676740646362e-01 1.170300785452127457e-02 -7.212886214256286621e-01 -2.315501570701599121e-01 -4.250431954860687256e-01 8.750559091567993164e-01
2.704725787043571472e-02 -3.647033870220184326e-02 -7.591934800148010254e-01 2.044465839862823486e-01 -4.700034111738204956e-02 -9.777487516403198242e-01
8.395978249609470367e-03 -2.813952416181564331e-02 -7.648888826370239258e-01 -3.071300173887914382e-16 8.995016813278198242e-01 4.369173347949981689e-01
1.118786912411451340e-02 -9.935247153043746948e-02 -8.167423009872436523e-01 -1.160569041967391968e-01 5.653192400932312012e-01 8.166669607162475586e-01
7.911785691976547241e-02 4.661657661199569702e-02 -7.479547262191772461e-01 -2.315501570701599121e-01 -4.250431954860687256e-01 8.750559091567993164e-01
2.885127626359462738e-02 2.821279503405094147e-02 -7.578728795051574707e-01 -9.728229641914367676e-01 1.011682748794555664e-01 -2.082797586917877197e-01
-2.013568878173828125e-01 -1.739248447120189667e-02 -8.490803837776184082e-01 -2.315501570701599121e-01 -4.250431954860687256e-01 8.750559091567993164e-01
1.596752367913722992e-02 -9.422642178833484650e-03 -7.527608871459960938e-01 -1.087090000510215759e-01 -9.937579035758972168e-01 2.505207061767578125e-02
-2.148956805467605591e-01 1.566856205463409424e-01 -7.695366740226745605e-01 2.315501570701599121e-01 4.250431954860687256e-01 -8.750559091567993164e-01
-7.037331908941268921e-02 1.014082413166761398e-02 -7.754732966423034668e-01 -9.728229641914367676e-01 1.011682748794555664e-01 -2.082797586917877197e-01
2.312773615121841431e-01 1.265600323677062988e-02 -7.241872549057006836e-01 -2.315501570701599121e-01 -4.250431954860687256e-01 8.750559091567993164e-01
-1.524451971054077148e-01 1.180479303002357483e-01 -7.717791199684143066e-01 2.315501570701599121e-01 4.250431954860687256e-01 -8.750559091567993164e-01
-1.719406247138977051e-01 1.132900714874267578e-01 -7.792488932609558105e-01 2.315501570701599121e-01 4.250431954860687256e-01 -8.750559091567993164e-01
-1.494343280792236328e-01 -3.178210929036140442e-02 -8.423305749893188477e-01 -2.315501570701599121e-01 -4.250431954860687256e-01 8.750559091567993164e-01
-2.068027257919311523e-01 6.165681779384613037e-02 -8.121246099472045898e-01 -2.315501570701599121e-01 -4.250431954860687256e-01 8.750559091567993164e-01
1.936870217323303223e-01 2.884747646749019623e-02 -7.273604869842529297e-01 2.315501570701599121e-01 4.250431954860687256e-01 -8.750559091567993164e-01
-1.993201822042465210e-01 7.758860290050506592e-02 -8.024060726165771484e-01 -2.315501570701599121e-01 -4.250431954860687256e-01 8.750559091567993164e-01
1.084186732769012451e-01 4.317209497094154358e-02 -7.418744564056396484e-01 -2.315501570701599121e-01 -4.250431954860687256e-01 8.750559091567993164e-01
-1.661721915006637573e-01 8.980640023946762085e-02 -7.877001166343688965e-01 -2.315501570701599121e-01 -4.250431954860687256e-01 8.750559091567993164e-01
-1.874328218400478363e-02 -4.798092320561408997e-02 -7.301734089851379395e-01 -9.728229641914367676e-01 1.011682748794555664e-01 -2.082797586917877197e-01
2.897636219859123230e-02 -1.064437255263328552e-01 -8.390228152275085449e-01 3.071300173887914382e-16 -8.995016813278198242e-01 -4.369173347949981689e-01
-1.884200870990753174e-01 -4.087411612272262573e-02 -8.584920763969421387e-01 2.315501570701599121e-01 4.250431954860687256e-01 -8.750559091567993164e-01
1.284164935350418091e-01 3.490189835429191589e-02 -7.405999302864074707e-01 -2.315501570701599121e-01 -4.250431954860687256e-01 8.750559091567993164e-01
-2.044277638196945190e-01 3.933075070381164551e-02 -8.223406672477722168e-01 -2.315501570701599121e-01 -4.250431954860687256e-01 8.750559091567993164e-01
-6.590300798416137695e-02 -2.105396986007690430e-02 -7.815466523170471191e-01 -9.728229641914367676e-01 1.011682748794555664e-01 -2.082797586917877197e-01
1.569287925958633423e-01 6.002951040863990784e-02 -7.208499312400817871e-01 -2.315501570701599121e-01 -4.250431954860687256e-01 8.750559091567993164e-01
-1.887683123350143433e-01 1.308660507202148438e-01 -7.751644253730773926e-01 2.315501570701599121e-01 4.250431954860687256e-01 -8.750559091567993164e-01
-1.530924290418624878e-01 3.342201560735702515e-02 -8.116267919540405273e-01 -2.315501570701599121e-01 -4.250431954860687256e-01 8.750559091567993164e-01
-1.491005122661590576e-01 -2.855551429092884064e-03 -8.281916975975036621e-01 -2.315501570701599121e-01 -4.250431954860687256e-01 8.750559091567993164e-01
-1.227463632822036743e-01 1.168885231018066406e-01 -7.630544304847717285e-01 -2.315501570701599121e-01 -4.250431954860687256e-01 8.750559091567993164e-01
-2.729007601737976074e-02 6.704119592905044556e-02 -7.705535888671875000e-01 2.044440209865570068e-01 -4.702368378639221191e-02 -9.777480959892272949e-01
1.546702831983566284e-01 5.099601671099662781e-02 -7.258354425430297852e-01 -2.315501570701599121e-01 -4.250431954860687256e-01 8.750559091567993164e-01
1.344495080411434174e-02 -6.708482652902603149e-02 -7.644850611686706543e-01 1.812131404876708984e-01 8.925948739051818848e-01 -4.128390848636627197e-01
1.533765941858291626e-01 8.868596702814102173e-02 -7.078704833984375000e-01 -2.315501570701599121e-01 -4.250431954860687256e-01 8.750559091567993164e-01
1.759505644440650940e-02 3.716375306248664856e-02 -7.557389140129089355e-01 -2.044465541839599609e-01 4.700057953596115112e-02 9.777487516403198242e-01
2.360467426478862762e-02 -4.432773217558860779e-02 -7.595359086990356445e-01 2.044465839862823486e-01 -4.700034111738204956e-02 -9.777487516403198242e-01
2.478949353098869324e-02 -4.425293207168579102e-02 -7.491853237152099609e-01 9.728229641914367676e-01 -1.011682748794555664e-01 2.082797586917877197e-01
1.898828521370887756e-02 -1.144861280918121338e-01 -7.562038898468017578e-01 9.728229641914367676e-01 -1.011682748794555664e-01 2.082797586917877197e-01
-1.711256057024002075e-01 8.513335883617401123e-02 -7.912806868553161621e-01 -2.315501570701599121e-01 -4.250431954860687256e-01 8.750559091567993164e-01
-2.432290650904178619e-02 -5.514292046427726746e-02 -7.131521701812744141e-01 9.728229641914367676e-01 -1.011682748794555664e-01 2.082797586917877197e-01
-1.813119500875473022e-01 -5.570863559842109680e-02 -8.623876571655273438e-01 -2.315501570701599121e-01 -4.250431954860687256e-01 8.750559091567993164e-01
1.019264832139015198e-01 7.444459944963455200e-02 -7.284023165702819824e-01 -2.315501570701599121e-01 -4.250431954860687256e-01 8.750559091567993164e-01
-5.579450353980064392e-02 -4.274787753820419312e-02 -7.375341057777404785e-01 -3.071300173887914382e-16 8.995016813278198242e-01 4.369173347949981689e-01
-2.125335931777954102e-01 1.046415939927101135e-01 -7.927619814872741699e-01 -2.315501570701599121e-01 -4.250431954860687256e-01 8.750559091567993164e-01
2.978942729532718658e-02 -3.958108834922313690e-03 -7.529662251472473145e-01 9.728229641914367676e-01 -1.011682748794555664e-01 2.082797586917877197e-01
-1.405610740184783936e-01 -3.913792967796325684e-02 -8.435555696487426758e-01 -2.315501570701599121e-01 -4.250431954860687256e-01 8.750559091567993164e-01
-1.412386894226074219e-01 3.358336538076400757e-02 -8.084117770195007324e-01 -2.315501570701599121e-01 -4.250431954860687256e-01 8.750559091567993164e-01
-1.004562005400657654e-01 -2.411304228007793427e-02 -8.256452679634094238e-01 -2.315501570701599121e-01 -4.250431954860687256e-01 8.750559091567993164e-01
2.749055065214633942e-02 -1.499056088505312800e-04 -7.608467936515808105e-01 2.044465839862823486e-01 -4.700034111738204956e-02 -9.777487516403198242e-01
1.093846261501312256e-01 6.697035580873489380e-02 -7.300592660903930664e-01 -2.315501570701599121e-01 -4.250431954860687256e-01 8.750559091567993164e-01
-2.742209658026695251e-02 2.154087834060192108e-02 -7.670053243637084961e-01 2.044468373060226440e-01 -4.699811711907386780e-02 -9.777488112449645996e-01
2.116395160555839539e-02 -1.054275333881378174e-01 -8.131613135337829590e-01 -1.812134236097335815e-01 -8.925940990447998047e-01 4.128407239913940430e-01
3.289038315415382385e-02 2.902241423726081848e-02 -7.514303326606750488e-01 9.728229641914367676e-01 -1.011682748794555664e-01 2.082797586917877197e-01
-7.281065732240676880e-02 -2.173091471195220947e-02 -7.672687768936157227e-01 -2.044466584920883179e-01 4.699949175119400024e-02 9.777487516403198242e-01
-1.342977732419967651e-01 -2.877590712159872055e-03 -8.257145285606384277e-01 2.315501570701599121e-01 4.250431954860687256e-01 -8.750559091567993164e-01
-2.221181541681289673e-01 1.677402704954147339e-01 -7.660781741142272949e-01 2.315501570701599121e-01 4.250431954860687256e-01 -8.750559091567993164e-01
2.390382736921310425e-01 -1.462210062891244888e-02 -7.353835105895996094e-01 -2.315501570701599121e-01 -4.250431954860687256e-01 8.750559091567993164e-01
-1.068325042724609375e-01 5.581572186201810837e-03 -8.129088878631591797e-01 -2.315501570701599121e-01 -4.250431954860687256e-01 8.750559091567993164e-01
-1.543173915706574917e-03 -4.275092482566833496e-02 -7.433541417121887207e-01 3.071300173887914382e-16 -8.995016813278198242e-01 -4.369173347949981689e-01
-1.264649033546447754e-01 4.735564440488815308e-02 -7.978128194808959961e-01 -2.315501570701599121e-01 -4.250431954860687256e-01 8.750559091567993164e-01
-2.015947699546813965e-01 6.803330034017562866e-02 -8.076492547988891602e-01 -2.315501570701599121e-01 -4.250431954860687256e-01 8.750559091567993164e-01
1.323194243013858795e-02 -1.010417863726615906e-01 -7.477020025253295898e-01 -9.728229641914367676e-01 1.011682748794555664e-01 -2.082797586917877197e-01
-1.499855071306228638e-01 9.061897546052932739e-02 -7.830222249031066895e-01 -2.315501570701599121e-01 -4.250431954860687256e-01 8.750559091567993164e-01
-1.592868417501449585e-01 1.649815440177917480e-01 -7.493631243705749512e-01 -2.315501570701599121e-01 -4.250431954860687256e-01 8.750559091567993164e-01
-4.260513931512832642e-02 -6.820738315582275391e-02 -7.659742832183837891e-01 -6.891445815563201904e-02 -9.852419495582580566e-01 -1.566818803548812866e-01
-6.105188280344009399e-02 7.896567881107330322e-02 -7.703757882118225098e-01 -1.123625561594963074e-01 5.802385807037353516e-01 8.066583871841430664e-01
-6.396372616291046143e-02 -5.432443693280220032e-02 -7.195271849632263184e-01 3.071300173887914382e-16 -8.995016813278198242e-01 -4.369173347949981689e-01
2.285380847752094269e-03 -5.825286358594894409e-02 -7.054306268692016602e-01 -9.728229641914367676e-01 1.011682748794555664e-01 -2.082797586917877197e-01
-1.263556629419326782e-01 7.149403449147939682e-03 -8.173133730888366699e-01 -2.315501570701599121e-01 -4.250431954860687256e-01 8.750559091567993164e-01
1.738494262099266052e-02 -1.078559309244155884e-01 -7.577823400497436523e-01 2.044465839862823486e-01 -4.700034111738204956e-02 -9.777487516403198242e-01
2.896617166697978973e-02 6.836394313722848892e-03 -7.478542327880859375e-01 -2.044465541839599609e-01 4.700050130486488342e-02 9.777486920356750488e-01
1.859434880316257477e-02 -8.175018429756164551e-02 -7.756876349449157715e-01 9.728229641914367676e-01 -1.011682748794555664e-01 2.082797586917877197e-01
1.521467119455337524e-01 1.022434458136558533e-01 -7.016106247901916504e-01 -2.315501570701599121e-01 -4.250431954860687256e-01 8.750559091567993164e-01
-4.360956326127052307e-02 6.860006600618362427e-03 -7.670803666114807129e-01 -2.044465392827987671e-01 4.700055345892906189e-02 9.777486920356750488e-01
-5.908526480197906494e-02 -9.920361638069152832e-02 -8.513504862785339355e-01 -9.728229641914367676e-01 1.011682748794555664e-01 -2.082797586917877197e-01
-6.216933950781822205e-02 2.995796129107475281e-02 -7.792512774467468262e-01 9.728229641914367676e-01 -1.011682748794555664e-01 2.082797586917877197e-01
-6.629281491041183472e-02 -6.249644979834556580e-02 -7.853322029113769531e-01 1.812132298946380615e-01 8.925946354866027832e-01 -4.128395617008209229e-01
1.845777183771133423e-01 3.769711032509803772e-02 -7.243812680244445801e-01 -2.315501570701599121e-01 -4.250431954860687256e-01 8.750559091567993164e-01
-7.709198445081710815e-02 -6.241318210959434509e-02 -7.662087082862854004e-01 -2.044466584920883179e-01 4.699949175119400024e-02 9.777487516403198242e-01
1.807015575468540192e-02 -9.806952625513076782e-02 -7.581093907356262207e-01 2.044465839862823486e-01 -4.700034111738204956e-02 -9.777487516403198242e-01
-1.920582205057144165e-01 1.479140073060989380e-01 -7.677542567253112793e-01 2.315501570701599121e-01 4.250431954860687256e-01 -8.750559091567993164e-01
-3.657751157879829407e-02 -3.308234736323356628e-02 -7.614289522171020508e-01 -9.728229641914367676e-01 1.011682748794555664e-01 -2.082797586917877197e-01
2.421078681945800781e-01 7.491949945688247681e-02 -6.921690702438354492e-01 2.315501570701599121e-01 4.250431954860687256e-01 -8.750559091567993164e-01
1.722441464662551880e-01 7.279301434755325317e-02 -7.116886973381042480e-01 2.315501570701599121e-01 4.250431954860687256e-01 -8.750559091567993164e-01
5.173675250262022018e-03 -4.782731644809246063e-03 -7.600419521331787109e-01 2.044460773468017578e-01 -4.700497910380363464e-02 -9.777486324310302734e-01
-1.388469785451889038e-01 8.739154785871505737e-02 -7.830716371536254883e-01 2.315501570701599121e-01 4.250431954860687256e-01 -8.750559091567993164e-01
1.285978108644485474e-01 6.246716156601905823e-02 -7.271625995635986328e-01 -2.315501570701599121e-01 -4.250431954860687256e-01 8.750559091567993164e-01
-5.095055699348449707e-02 6.569363921880722046e-02 -7.721810340881347656e-01 -1.086989492177963257e-01 -9.937602281570434570e-01 2.500399574637413025e-02
-6.049526110291481018e-02 4.383082315325737000e-02 -7.803319692611694336e-01 9.728229641914367676e-01 -1.011682748794555664e-01 2.082797586917877197e-01
-1.945030391216278076e-01 1.071489378809928894e-01 -7.882021069526672363e-01 2.315501570701599121e-01 4.250431954860687256e-01 -8.750559091567993164e-01
1.272024959325790405e-01 2.871473506093025208e-02 -7.450175285339355469e-01 2.315501570701599121e-01 4.250431954860687256e-01 -8.750559091567993164e-01
-4.975443240255117416e-03 6.840264797210693359e-02 -7.607449889183044434e-01 -2.044466882944107056e-01 4.699925333261489868e-02 9.777487516403198242e-01
-1.829592656577005982e-04 -4.315329715609550476e-02 -7.589558362960815430e-01 -7.745721191167831421e-02 -9.898651838302612305e-01 -1.190264523029327393e-01
2.065849006175994873e-01 -2.187265083193778992e-03 -7.390221357345581055e-01 2.315501570701599121e-01 4.250431954860687256e-01 -8.750559091567993164e-01
-3.471841663122177124e-02 3.059888957068324089e-03 -7.687608599662780762e-01 2.044460773468017578e-01 -4.700497910380363464e-02 -9.777486324310302734e-01
-1.836851388216018677e-01 -4.802568256855010986e-02 -8.607129454612731934e-01 2.315501570701599121e-01 4.250431954860687256e-01 -8.750559091567993164e-01
9.165974706411361694e-02 6.663203984498977661e-02 -7.349138259887695312e-01 -2.315501570701599121e-01 -4.250431954860687256e-01 8.750559091567993164e-01
-2.457913756370544434e-02 -2.860233746469020844e-02 -7.664030790328979492e-01 -2.315501570701599121e-01 -4.250431954860687256e-01 8.750559091567993164e-01
-2.031950950622558594e-01 -7.590463384985923767e-03 -8.448056578636169434e-01 -2.315501570701599121e-01 -4.250431954860687256e-01 8.750559091567993164e-01
-2.026522308588027954e-01 -4.555918276309967041e-02 -8.631046414375305176e-01 -2.315501570701599121e-01 -4.250431954860687256e-01 8.750559091567993164e-01
1.780921965837478638e-01 5.096644163131713867e-02 -7.196520566940307617e-01 -2.315501570701599121e-01 -4.250431954860687256e-01 8.750559091567993164e-01
-1.360195279121398926e-01 1.513269692659378052e-01 -7.512679696083068848e-01 2.315501570701599121e-01 4.250431954860687256e-01 -8.750559091567993164e-01
-3.618295863270759583e-02 -9.513321518898010254e-02 -8.319255709648132324e-01 2.308906763792037964e-01 4.916729927062988281e-01 -8.396112918853759766e-01
-7.287269085645675659e-02 -1.136419270187616348e-02 -7.742450237274169922e-01 -9.728229641914367676e-01 1.011682748794555664e-01 -2.082797586917877197e-01
-2.223550677299499512e-01 4.959611222147941589e-02 -8.227248787879943848e-01 -9.728229641914367676e-01 1.011682748794555664e-01 -2.082797586917877197e-01
-1.326570957899093628e-01 9.163890033960342407e-02 -7.779415249824523926e-01 -2.315501570701599121e-01 -4.250431954860687256e-01 8.750559091567993164e-01
2.214813977479934692e-02 -9.519134461879730225e-02 -7.988153100013732910e-01 9.728229641914367676e-01 -1.011682748794555664e-01 2.082797586917877197e-01
-6.024918053299188614e-03 -6.168778985738754272e-02 -7.000158429145812988e-01 -2.315501570701599121e-01 -4.250431954860687256e-01 8.750559091567993164e-01
-1.439262628555297852e-01 1.543923616409301758e-01 -7.518712282180786133e-01 2.315501570701599121e-01 4.250431954860687256e-01 -8.750559091567993164e-01
-1.985309869050979614e-01 -2.735326765105128288e-03 -8.426423072814941406e-01 2.315501570701599121e-01 4.250431954860687256e-01 -8.750559091567993164e-01
-6.260856986045837402e-02 -9.719645977020263672e-02 -8.339190483093261719e-01 -9.728229641914367676e-01 1.011682748794555664e-01 -2.082797586917877197e-01
1.699096709489822388e-01 9.954729676246643066e-02 -6.993110179901123047e-01 2.315501570701599121e-01 4.250431954860687256e-01 -8.750559091567993164e-01
