-3.351942868903279305e-03 -6.859773769974708557e-03 -7.556164264678955078e-01 6.789008776912619763e-17 8.962450623512268066e-01 4.435592293739318848e-01
-7.078820466995239258e-02 1.557476520538330078e-01 -6.646449565887451172e-01 9.669892191886901855e-01 1.130265146493911743e-01 -2.283786535263061523e-01
-1.020499914884567261e-01 1.784580573439598083e-02 -6.955900788307189941e-01 9.669892191886901855e-01 1.130265146493911743e-01 -2.283786535263061523e-01
-7.437308877706527710e-02 1.122875064611434937e-01 -6.058188080787658691e-01 -9.669892191886901855e-01 -1.130265146493911743e-01 2.283786535263061523e-01
-8.860637247562408447e-02 1.035519968718290329e-02 -7.665961384773254395e-01 -9.669892191886901855e-01 -1.130265146493911743e-01 2.283786535263061523e-01
1.271768845617771149e-02 -9.379809349775314331e-02 -7.600353360176086426e-01 -9.929018616676330566e-01 5.275533720850944519e-02 -1.065961569547653198e-01
1.558342948555946350e-03 3.108421340584754944e-02 -7.971670031547546387e-01 6.789008776912619763e-17 8.962450623512268066e-01 4.435592293739318848e-01
-3.848831728100776672e-02 -4.999308660626411438e-02 -6.333441734313964844e-01 6.789008776912619763e-17 8.962450623512268066e-01 4.435592293739318848e-01
3.958672285079956055e-02 -2.317442595958709717e-01 -6.976765394210815430e-01 -2.543141543865203857e-01 3.717819154262542725e-01 -8.928059935569763184e-01
-7.305795699357986450e-02 2.064645290374755859e-01 -6.423789262771606445e-01 6.789008776912619763e-17 8.962450623512268066e-01 4.435592293739318848e-01
1.429340057075023651e-02 -5.259789153933525085e-02 -6.631990671157836914e-01 6.789008776912619763e-17 8.962450623512268066e-01 4.435592293739318848e-01
-1.171801611781120300e-02 4.742361139506101608e-03 -7.439413070678710938e-01 6.789008776912619763e-17 8.962450623512268066e-01 4.435592293739318848e-01
5.673850327730178833e-02 -3.085550107061862946e-02 -7.314175367355346680e-01 6.789008776912619763e-17 8.962450623512268066e-01 4.435592293739318848e-01
-5.231502652168273926e-02 1.451942720450460911e-03 -7.372927665710449219e-01 6.789008776912619763e-17 8.962450623512268066e-01 4.435592293739318848e-01
-5.985143408179283142e-02 6.261853501200675964e-03 -7.821296453475952148e-01 6.789008776912619763e-17 8.962450623512268066e-01 4.435592293739318848e-01
-1.583639532327651978e-02 -4.584873467683792114e-02 -6.350409984588623047e-01 -2.548171877861022949e-01 4.289169907569885254e-01 -8.666593432426452637e-01
9.661163203418254852e-03 -1.452929973602294922e-01 -8.116105198860168457e-01 -3.328579366207122803e-01 -4.182661473751068115e-01 8.451384305953979492e-01
3.817692399024963379e-02 -2.149338722229003906e-01 -7.031033039093017578e-01 -9.669892191886901855e-01 -1.130265146493911743e-01 2.283786535263061523e-01
-1.163034047931432724e-02 -3.981419280171394348e-02 -7.133158445358276367e-01 6.789008776912619763e-17 8.962450623512268066e-01 4.435592293739318848e-01
-3.782724589109420776e-02 -3.415271639823913574e-02 -7.464201450347900391e-01 9.344856142997741699e-01 -1.579074412584304810e-01 3.190639615058898926e-01
7.601805031299591064e-02 -1.000901125371456146e-02 -7.492531538009643555e-01 6.789008776912619763e-17 8.962450623512268066e-01 4.435592293739318848e-01
-8.380102366209030151e-02 1.018102616071701050e-01 -6.195753812789916992e-01 -2.548171877861022949e-01 4.289169907569885254e-01 -8.666593432426452637e-01
-8.078147470951080322e-02 6.169996690005064011e-03 -7.160654664039611816e-01 9.669892191886901855e-01 1.130265146493911743e-01 -2.283786535263061523e-01
-3.656065091490745544e-02 -4.495319351553916931e-02 -7.029321193695068359e-01 6.789008776912619763e-17 8.962450623512268066e-01 4.435592293739318848e-01
-7.408966124057769775e-02 -3.744760155677795410e-02 -7.312965393066406250e-01 2.548171877861022949e-01 -4.289169907569885254e-01 8.666593432426452637e-01
-5.654539912939071655e-02 1.246645376086235046e-01 -6.197220683097839355e-01 9.669892191886901855e-01 1.130265146493911743e-01 -2.283786535263061523e-01
-7.603654637932777405e-03 -1.176112145185470581e-01 -8.540081381797790527e-01 -6.789008776912619763e-17 -8.962450623512268066e-01 -4.435592293739318848e-01
-6.018278747797012329e-02 9.977538883686065674e-02 -6.474412083625793457e-01 9.669892191886901855e-01 1.130265146493911743e-01 -2.283786535263061523e-01
-8.400864154100418091e-02 1.409663856029510498e-01 -6.801794171333312988e-01 9.669892191886901855e-01 1.130265146493911743e-01 -2.283786535263061523e-01
-7.402006536722183228e-02 1.665562391281127930e-01 -6.729798913002014160e-01 9.669892191886901855e-01 1.130265146493911743e-01 -2.283786535263061523e-01
-6.775619834661483765e-02 1.762309819459915161e-01 -6.416695713996887207e-01 9.669892191886901855e-01 1.130265146493911743e-01 -2.283786535263061523e-01
-6.933960318565368652e-02 5.911808833479881287e-02 -6.503570675849914551e-01 -6.789008776912619763e-17 -8.962450623512268066e-01 -4.435592293739318848e-01
8.167755603790283203e-02 9.743127040565013885e-03 -7.857802510261535645e-01 9.669892191886901855e-01 1.130265146493911743e-01 -2.283786535263061523e-01
-7.753190398216247559e-02 -4.185558296740055084e-03 -7.610198855400085449e-01 6.789008776912619763e-17 8.962450623512268066e-01 4.435592293739318848e-01
-8.385096490383148193e-02 1.718602329492568970e-01 -6.164664626121520996e-01 -9.669892191886901855e-01 -1.130265146493911743e-01 2.283786535263061523e-01
-9.182510524988174438e-02 1.266650296747684479e-02 -7.599526047706604004e-01 6.789008776912619763e-17 8.962450623512268066e-01 4.435592293739318848e-01
-8.613292127847671509e-02 1.637104004621505737e-01 -6.301620602607727051e-01 -9.669892191886901855e-01 -1.130265146493911743e-01 2.283786535263061523e-01
-1.033371314406394958e-01 -4.085035622119903564e-02 -7.243812084197998047e-01 2.548171877861022949e-01 -4.289169907569885254e-01 8.666593432426452637e-01
-6.267018616199493408e-02 2.658457681536674500e-02 -7.529583573341369629e-01 -6.789008776912619763e-17 -8.962450623512268066e-01 -4.435592293739318848e-01
2.305799722671508789e-02 -1.811527609825134277e-01 -7.456684112548828125e-01 6.789008776912619763e-17 8.962450623512268066e-01 4.435592293739318848e-01
-5.679101124405860901e-02 1.338902860879898071e-01 -6.161961555480957031e-01 9.669892191886901855e-01 1.130265146493911743e-01 -2.283786535263061523e-01
1.102912575006484985e-01 -1.421900093555450439e-01 -8.262525200843811035e-01 9.669892191886901855e-01 1.130265146493911743e-01 -2.283786535263061523e-01
-4.999803751707077026e-02 -3.063535131514072418e-02 -6.373411417007446289e-01 -6.789008776912619763e-17 -8.962450623512268066e-01 -4.435592293739318848e-01
2.420330420136451721e-02 -1.382025629281997681e-01 -7.878417372703552246e-01 -9.745299220085144043e-01 -9.947151690721511841e-02 2.009897381067276001e-01
7.014376670122146606e-02 1.718029379844665527e-02 -7.690730690956115723e-01 6.789008776912619763e-17 8.962450623512268066e-01 4.435592293739318848e-01
-1.762754283845424652e-02 -1.411449760198593140e-01 -8.962525129318237305e-01 -2.151587158441543579e-01 8.423422574996948242e-01 -4.941318035125732422e-01
-1.085921004414558411e-01 -2.286930195987224579e-02 -6.924278140068054199e-01 -9.669892191886901855e-01 -1.130265146493911743e-01 2.283786535263061523e-01
8.004983514547348022e-02 2.480197325348854065e-02 -7.844732403755187988e-01 6.789008776912619763e-17 8.962450623512268066e-01 4.435592293739318848e-01
-7.400881499052047729e-02 7.584571093320846558e-02 -6.223117709159851074e-01 -9.669892191886901855e-01 -1.130265146493911743e-01 2.283786535263061523e-01
-9.843494743108749390e-02 -1.277569029480218887e-02 -6.719822287559509277e-01 -2.548171877861022949e-01 4.289169907569885254e-01 -8.666593432426452637e-01
-5.363056063652038574e-02 1.389317810535430908e-01 -5.543680787086486816e-01 -2.548171877861022949e-01 4.289169907569885254e-01 -8.666593432426452637e-01
-9.950063191354274750e-03 -7.021402940154075623e-03 -7.201717495918273926e-01 6.789008776912619763e-17 8.962450623512268066e-01 4.435592293739318848e-01
2.205159887671470642e-02 -1.507276203483343124e-03 -7.664315104484558105e-01 6.789008776912619763e-17 8.962450623512268066e-01 4.435592293739318848e-01
2.867599390447139740e-02 2.939515374600887299e-02 -7.937541604042053223e-01 6.789008776912619763e-17 8.962450623512268066e-01 4.435592293739318848e-01
1.293236464262008667e-01 -1.607175320386886597e-01 -8.428298830986022949e-01 -9.736044406890869141e-01 -1.536462008953094482e-01 1.687819212675094604e-01
4.536232352256774902e-02 4.862110689282417297e-02 -7.974848151206970215e-01 -6.789008776912619763e-17 -8.962450623512268066e-01 -4.435592293739318848e-01
-2.506411634385585785e-02 -3.804937377572059631e-02 -7.689087390899658203e-01 6.474440693855285645e-01 -3.380422592163085938e-01 6.830400228500366211e-01
-1.158826947212219238e-01 -1.662115901708602905e-01 -7.558073997497558594e-01 -6.789008776912619763e-17 -8.962450623512268066e-01 -4.435592293739318848e-01
-1.099888235330581665e-01 -4.680386930704116821e-02 -7.253718972206115723e-01 2.548171877861022949e-01 -4.289169907569885254e-01 8.666593432426452637e-01
2.943157590925693512e-02 -1.168453227728605270e-02 -6.756327152252197266e-01 -6.789008776912619763e-17 -8.962450623512268066e-01 -4.435592293739318848e-01
-9.442386031150817871e-02 2.919333800673484802e-02 -6.576839089393615723e-01 9.669892191886901855e-01 1.130265146493911743e-01 -2.283786535263061523e-01
-1.106030270457267761e-01 -1.858379133045673370e-02 -6.988214254379272461e-01 -9.669892191886901855e-01 -1.130265146493911743e-01 2.283786535263061523e-01
-1.144628450274467468e-01 -1.795601099729537964e-01 -7.840958237648010254e-01 2.548171877861022949e-01 -4.289169907569885254e-01 8.666593432426452637e-01
-6.125615164637565613e-02 -3.241978213191032410e-02 -6.719609498977661133e-01 -9.669892191886901855e-01 -1.130265146493911743e-01 2.283786535263061523e-01
-1.109626423567533493e-02 -4.433567821979522705e-02 -7.041798233985900879e-01 6.789008776912619763e-17 8.962450623512268066e-01 4.435592293739318848e-01
-6.689593195915222168e-02 9.712605923414230347e-02 -6.294186115264892578e-01 9.669892191886901855e-01 1.130265146493911743e-01 -2.283786535263061523e-01
1.688819564878940582e-02 -1.574231237173080444e-01 -7.734584808349609375e-01 -7.115318775177001953e-01 3.116962611675262451e-01 -6.297363042831420898e-01
-4.416072368621826172e-02 4.338558763265609741e-02 -6.075091361999511719e-01 9.669892191886901855e-01 1.130265146493911743e-01 -2.283786535263061523e-01
-6.928411871194839478e-02 7.200842350721359253e-02 -6.042057871818542480e-01 -9.669892191886901855e-01 -1.130265146493911743e-01 2.283786535263061523e-01
-3.548774868249893188e-02 -1.245954111218452454e-01 -8.971827030181884766e-01 -6.789008776912619763e-17 -8.962450623512268066e-01 -4.435592293739318848e-01
-8.350142091512680054e-02 -1.629180759191513062e-01 -7.825129628181457520e-01 6.789008776912619763e-17 8.962450623512268066e-01 4.435592293739318848e-01
3.791280835866928101e-02 -2.354467958211898804e-01 -7.078943848609924316e-01 -1.963599324226379395e-01 9.017231464385986328e-01 -3.851468563079833984e-01
-1.847102120518684387e-02 -1.346056908369064331e-01 -7.975420355796813965e-01 7.940279841423034668e-01 -2.696312963962554932e-01 5.448104739189147949e-01
-6.672284752130508423e-02 5.471575260162353516e-02 -6.019192934036254883e-01 -9.669892191886901855e-01 -1.130265146493911743e-01 2.283786535263061523e-01
-1.063338890671730042e-01 -1.746898293495178223e-01 -7.587272524833679199e-01 6.789008776912619763e-17 8.962450623512268066e-01 4.435592293739318848e-01
-6.925782561302185059e-02 1.302338540554046631e-01 -5.752782225608825684e-01 -9.669892191886901855e-01 -1.130265146493911743e-01 2.283786535263061523e-01
-3.746778517961502075e-02 -3.099077567458152771e-02 -6.366229653358459473e-01 -6.789008776912619763e-17 -8.962450623512268066e-01 -4.435592293739318848e-01
1.166177392005920410e-01 -1.742431372404098511e-01 -8.283445239067077637e-01 2.198354154825210571e-01 -4.326015114784240723e-01 8.743730783462524414e-01
1.025341972708702087e-01 2.418683143332600594e-03 -7.205651998519897461e-01 -9.669892191886901855e-01 -1.130265146493911743e-01 2.283786535263061523e-01
9.582779370248317719e-03 -8.447793871164321899e-02 -7.660257816314697266e-01 -7.246168255805969238e-01 -3.056797385215759277e-01 6.176490783691406250e-01
4.620276018977165222e-02 -2.544621191918849945e-02 -6.829429864883422852e-01 6.789008776912619763e-17 8.962450623512268066e-01 4.435592293739318848e-01
-9.124686568975448608e-02 2.340665087103843689e-02 -7.518469691276550293e-01 9.669892191886901855e-01 1.130265146493911743e-01 -2.283786535263061523e-01
-9.026391059160232544e-02 -3.759595751762390137e-02 -7.177979350090026855e-01 6.789008776912619763e-17 8.962450623512268066e-01 4.435592293739318848e-01
1.008011251688003540e-01 1.355232088826596737e-03 -7.284296154975891113e-01 -9.669892191886901855e-01 -1.130265146493911743e-01 2.283786535263061523e-01
8.934547007083892822e-02 -2.348857559263706207e-02 -6.549005508422851562e-01 -2.548171877861022949e-01 4.289169907569885254e-01 -8.666593432426452637e-01
-9.892495721578598022e-02 -4.435096308588981628e-02 -6.874650120735168457e-01 -2.548171877861022949e-01 4.289169907569885254e-01 -8.666593432426452637e-01
1.969265937805175781e-02 -5.940478295087814331e-02 -7.281538248062133789e-01 6.789008776912619763e-17 8.962450623512268066e-01 4.435592293739318848e-01
-9.392276406288146973e-02 3.858240088447928429e-03 -6.681007146835327148e-01 9.669892191886901855e-01 1.130265146493911743e-01 -2.283786535263061523e-01
2.366358414292335510e-02 -4.590948671102523804e-02 -7.554221153259277344e-01 6.789008776912619763e-17 8.962450623512268066e-01 4.435592293739318848e-01
-2.342207124456763268e-03 4.293325543403625488e-02 -7.859920859336853027e-01 -6.789008776912619763e-17 -8.962450623512268066e-01 -4.435592293739318848e-01
-1.356520690023899078e-02 -1.049418821930885315e-01 -8.803104162216186523e-01 -9.669892191886901855e-01 -1.130265146493911743e-01 2.283786535263061523e-01
-8.219308406114578247e-02 -1.546281725168228149e-01 -7.792125940322875977e-01 -6.789008776912619763e-17 -8.962450623512268066e-01 -4.435592293739318848e-01
-7.234177738428115845e-02 1.179382503032684326e-01 -6.421769857406616211e-01 9.669892191886901855e-01 1.130265146493911743e-01 -2.283786535263061523e-01
2.909338101744651794e-02 -2.405821382999420166e-01 -7.011586427688598633e-01 -2.151982933282852173e-01 8.421894311904907227e-01 -4.943750202655792236e-01
9.566733241081237793e-02 -1.764279976487159729e-02 -6.635935902595520020e-01 -6.789008776912619763e-17 -8.962450623512268066e-01 -4.435592293739318848e-01
1.648605056107044220e-02 -2.203478664159774780e-01 -7.169591188430786133e-01 9.669892191886901855e-01 1.130265146493911743e-01 -2.283786535263061523e-01
-7.302007079124450684e-02 1.357764154672622681e-01 -6.362207531929016113e-01 9.669892191886901855e-01 1.130265146493911743e-01 -2.283786535263061523e-01
-7.605873793363571167e-02 1.353806406259536743e-01 -6.970409750938415527e-01 9.669892191886901855e-01 1.130265146493911743e-01 -2.283786535263061523e-01
-9.588517248630523682e-02 -5.452316720038652420e-03 -6.691075563430786133e-01 -2.548171877861022949e-01 4.289169907569885254e-01 -8.666593432426452637e-01
-8.738857507705688477e-02 -4.533267638180404902e-04 -7.685611248016357422e-01 6.789008776912619763e-17 8.962450623512268066e-01 4.435592293739318848e-01
1.171395927667617798e-02 -1.616066396236419678e-01 -7.851628661155700684e-01 6.789008776912619763e-17 8.962450623512268066e-01 4.435592293739318848e-01
1.076652109622955322e-01 -1.792036741971969604e-01 -8.256423473358154297e-01 -2.198703438043594360e-01 4.327940940856933594e-01 -8.742690682411193848e-01
1.931292377412319183e-02 -1.571246795356273651e-02 -7.377288937568664551e-01 6.789008776912619763e-17 8.962450623512268066e-01 4.435592293739318848e-01
1.972393319010734558e-02 1.571075432002544403e-02 -7.309869527816772461e-01 -6.789008776912619763e-17 -8.962450623512268066e-01 -4.435592293739318848e-01
-1.113513484597206116e-01 -1.658979952335357666e-01 -7.764918208122253418e-01 6.789008776912619763e-17 8.962450623512268066e-01 4.435592293739318848e-01
-4.823089018464088440e-02 4.608494695276021957e-03 -7.436708211898803711e-01 6.789008776912619763e-17 8.962450623512268066e-01 4.435592293739318848e-01
4.849197715520858765e-02 -5.317109171301126480e-03 -7.236153483390808105e-01 6.789008776912619763e-17 8.962450623512268066e-01 4.435592293739318848e-01
-1.313758664764463902e-03 -3.074068017303943634e-02 -7.073632478713989258e-01 6.789008776912619763e-17 8.962450623512268066e-01 4.435592293739318848e-01
-5.702502280473709106e-02 1.131125465035438538e-01 -5.797118544578552246e-01 9.669892191886901855e-01 1.130265146493911743e-01 -2.283786535263061523e-01
7.368353009223937988e-02 8.679047226905822754e-03 -7.518956661224365234e-01 6.789008776912619763e-17 8.962450623512268066e-01 4.435592293739318848e-01
5.527195706963539124e-02 -1.420060843229293823e-01 -8.047164678573608398e-01 -6.789008776912619763e-17 -8.962450623512268066e-01 -4.435592293739318848e-01
-8.534118533134460449e-02 1.424296647310256958e-01 -6.373417377471923828e-01 -9.669892191886901855e-01 -1.130265146493911743e-01 2.283786535263061523e-01
-7.968001067638397217e-02 -5.566831305623054504e-02 -7.113569378852844238e-01 6.789008776912619763e-17 8.962450623512268066e-01 4.435592293739318848e-01
3.895413503050804138e-02 4.015797749161720276e-02 -7.803844213485717773e-01 -6.789008776912619763e-17 -8.962450623512268066e-01 -4.435592293739318848e-01
-1.190513372421264648e-01 -1.758729517459869385e-01 -7.593796849250793457e-01 9.669892191886901855e-01 1.130265146493911743e-01 -2.283786535263061523e-01
-8.117320388555526733e-02 -2.874194178730249405e-04 -7.209199666976928711e-01 9.669892191886901855e-01 1.130265146493911743e-01 -2.283786535263061523e-01
-2.309153601527214050e-02 -1.027064677327871323e-02 -6.784895658493041992e-01 -6.789008776912619763e-17 -8.962450623512268066e-01 -4.435592293739318848e-01
-8.353747427463531494e-02 -1.699892729520797729e-01 -7.682250738143920898e-01 6.789008776912619763e-17 8.962450623512268066e-01 4.435592293739318848e-01
-1.218737512826919556e-01 -1.697913706302642822e-01 -7.683203816413879395e-01 9.669892191886901855e-01 1.130265146493911743e-01 -2.283786535263061523e-01
2.192765660583972931e-02 -1.432704627513885498e-01 -7.738736271858215332e-01 -8.639407157897949219e-01 2.233735918998718262e-01 -4.513432681560516357e-01
-1.442869286984205246e-02 -1.181148588657379150e-01 -8.904859423637390137e-01 -9.669892191886901855e-01 -1.130265146493911743e-01 2.283786535263061523e-01
3.985349088907241821e-03 -4.058279469609260559e-02 -7.661851048469543457e-01 6.789008776912619763e-17 8.962450623512268066e-01 4.435592293739318848e-01
-4.642133042216300964e-02 1.422974616289138794e-01 -5.681285858154296875e-01 9.669892191886901855e-01 1.130265146493911743e-01 -2.283786535263061523e-01
-3.294249624013900757e-02 -5.380269512534141541e-02 -6.850510239601135254e-01 6.789008776912619763e-17 8.962450623512268066e-01 4.435592293739318848e-01
-6.496689468622207642e-02 1.875554770231246948e-01 -6.242547035217285156e-01 9.669892191886901855e-01 1.130265146493911743e-01 -2.283786535263061523e-01
-9.659817069768905640e-02 1.293867528438568115e-01 -6.914605498313903809e-01 -9.669892191886901855e-01 -1.130265146493911743e-01 2.283786535263061523e-01
-6.165898218750953674e-02 -1.656020060181617737e-02 -7.360159754753112793e-01 6.789008776912619763e-17 8.962450623512268066e-01 4.435592293739318848e-01
6.588780134916305542e-02 1.875843666493892670e-02 -8.073799610137939453e-01 6.789008776912619763e-17 8.962450623512268066e-01 4.435592293739318848e-01
-7.171995192766189575e-02 1.236033514142036438e-01 -6.844986081123352051e-01 9.669892191886901855e-01 1.130265146493911743e-01 -2.283786535263061523e-01
-6.996829062700271606e-02 1.650654524564743042e-01 -6.565618515014648438e-01 9.669892191886901855e-01 1.130265146493911743e-01 -2.283786535263061523e-01
-7.817629724740982056e-02 1.242663711309432983e-01 -6.637493968009948730e-01 9.669892191886901855e-01 1.130265146493911743e-01 -2.283786535263061523e-01
-6.565381586551666260e-02 -1.621125079691410065e-02 -7.016029357910156250e-01 6.789008776912619763e-17 8.962450623512268066e-01 4.435592293739318848e-01
1.190530229359865189e-02 -1.104631870985031128e-01 -7.646570205688476562e-01 -9.320598244667053223e-01 1.607034802436828613e-01 -3.247135877609252930e-01
4.661843180656433105e-02 -6.081621628254652023e-03 -6.869537830352783203e-01 -6.789008776912619763e-17 -8.962450623512268066e-01 -4.435592293739318848e-01
5.583609640598297119e-02 -1.454123202711343765e-02 -7.400954365730285645e-01 6.789008776912619763e-17 8.962450623512268066e-01 4.435592293739318848e-01
-6.445679068565368652e-02 1.425759494304656982e-01 -6.443555951118469238e-01 9.669892191886901855e-01 1.130265146493911743e-01 -2.283786535263061523e-01
-8.891360461711883545e-02 1.749220192432403564e-01 -6.772218346595764160e-01 4.174415767192840576e-01 -4.030639827251434326e-01 8.144213557243347168e-01
2.533075213432312012e-02 -2.339689433574676514e-01 -7.235036492347717285e-01 1.744434088468551636e-01 3.596755564212799072e-01 9.166258573532104492e-01
3.554597869515419006e-02 -3.058287501335144043e-02 -6.725639700889587402e-01 6.789008776912619763e-17 8.962450623512268066e-01 4.435592293739318848e-01
2.950257807970046997e-02 2.394176088273525238e-02 -7.827351689338684082e-01 6.789008776912619763e-17 8.962450623512268066e-01 4.435592293739318848e-01
1.236862167716026306e-01 -1.520493775606155396e-01 -8.189193606376647949e-01 -9.669892191886901855e-01 -1.130265146493911743e-01 2.283786535263061523e-01
4.217432811856269836e-02 -4.814580455422401428e-02 -6.964811682701110840e-01 6.789008776912619763e-17 8.962450623512268066e-01 4.435592293739318848e-01
-7.851965725421905518e-02 1.641514152288436890e-01 -6.454638242721557617e-01 9.669892191886901855e-01 1.130265146493911743e-01 -2.283786535263061523e-01
1.191575899720191956e-01 -1.608203798532485962e-01 -8.212078213691711426e-01 -1.224406510591506958e-01 -9.013904333114624023e-01 -4.153354763984680176e-01
-3.800349310040473938e-02 -1.520677357912063599e-01 -7.843860983848571777e-01 -6.789008776912619763e-17 -8.962450623512268066e-01 -4.435592293739318848e-01
4.443649575114250183e-02 -2.305732341483235359e-03 -6.945832967758178711e-01 -6.789008776912619763e-17 -8.962450623512268066e-01 -4.435592293739318848e-01
4.732855409383773804e-02 2.189062535762786865e-02 -7.785906791687011719e-01 6.789008776912619763e-17 8.962450623512268066e-01 4.435592293739318848e-01
4.151544719934463501e-02 -3.870064020156860352e-02 -6.912795305252075195e-01 6.789008776912619763e-17 8.962450623512268066e-01 4.435592293739318848e-01
-8.450648933649063110e-02 -4.277095198631286621e-02 -7.308683395385742188e-01 2.548171877861022949e-01 -4.289169907569885254e-01 8.666593432426452637e-01
-7.600066065788269043e-02 1.598781496286392212e-01 -6.369128823280334473e-01 9.669892191886901855e-01 1.130265146493911743e-01 -2.283786535263061523e-01
-1.544203516095876694e-02 3.703910857439041138e-02 -7.740824818611145020e-01 -6.789008776912619763e-17 -8.962450623512268066e-01 -4.435592293739318848e-01
-3.517413139343261719e-02 -3.810792416334152222e-02 -6.255242824554443359e-01 -2.548171877861022949e-01 4.289169907569885254e-01 -8.666593432426452637e-01
-3.956674784421920776e-02 2.442919090390205383e-02 -7.486032247543334961e-01 -6.789008776912619763e-17 -8.962450623512268066e-01 -4.435592293739318848e-01
6.318598520010709763e-03 1.019032672047615051e-02 -7.900674343109130859e-01 6.789008776912619763e-17 8.962450623512268066e-01 4.435592293739318848e-01
3.077977336943149567e-02 3.895203769207000732e-02 -7.779477238655090332e-01 -6.789008776912619763e-17 -8.962450623512268066e-01 -4.435592293739318848e-01
1.185217872262001038e-02 -8.603282622061669827e-04 -7.677387595176696777e-01 6.789008776912619763e-17 8.962450623512268066e-01 4.435592293739318848e-01
-9.983859024941921234e-03 -5.033995211124420166e-02 -6.677614450454711914e-01 6.789008776912619763e-17 8.962450623512268066e-01 4.435592293739318848e-01
1.278244517743587494e-02 -1.157254129648208618e-01 -7.728170156478881836e-01 -9.999798536300659180e-01 -2.816974418237805367e-03 5.691910162568092346e-03
-6.581129133701324463e-02 1.094638183712959290e-01 -5.709643363952636719e-01 -9.669892191886901855e-01 -1.130265146493911743e-01 2.283786535263061523e-01
-3.436215687543153763e-03 -7.149200886487960815e-03 -7.793179154396057129e-01 6.789008776912619763e-17 8.962450623512268066e-01 4.435592293739318848e-01
-4.745635390281677246e-02 8.988391607999801636e-02 -5.984508991241455078e-01 9.669892191886901855e-01 1.130265146493911743e-01 -2.283786535263061523e-01
-4.031990654766559601e-03 -1.311698108911514282e-01 -8.266119956970214844e-01 -6.789008776912619763e-17 -8.962450623512268066e-01 -4.435592293739318848e-01
-2.699776366353034973e-02 -4.501488059759140015e-02 -7.028074860572814941e-01 6.789008776912619763e-17 8.962450623512268066e-01 4.435592293739318848e-01
-3.485573455691337585e-02 -3.059743903577327728e-02 -7.319390177726745605e-01 6.789008776912619763e-17 8.962450623512268066e-01 4.435592293739318848e-01
-3.886959329247474670e-02 -1.371229141950607300e-01 -9.101544618606567383e-01 9.669892191886901855e-01 1.130265146493911743e-01 -2.283786535263061523e-01
1.260528266429901123e-01 -1.714123785495758057e-01 -8.461232781410217285e-01 -7.514904737472534180e-01 4.963712692260742188e-01 4.346006214618682861e-01
2.907660417258739471e-02 -2.581790834665298462e-02 -7.601616382598876953e-01 -7.199755311012268066e-01 -3.078298270702362061e-01 6.219934821128845215e-01
-7.794956862926483154e-02 1.373418122529983521e-01 -6.563182473182678223e-01 9.669892191886901855e-01 1.130265146493911743e-01 -2.283786535263061523e-01
-2.543269470334053040e-02 -6.665484607219696045e-02 -7.135045528411865234e-01 6.789008776912619763e-17 8.962450623512268066e-01 4.435592293739318848e-01
9.034805744886398315e-02 -6.503046024590730667e-03 -7.563372254371643066e-01 6.789008776912619763e-17 8.962450623512268066e-01 4.435592293739318848e-01
-1.141552580520510674e-03 -1.274333447217941284e-01 -7.647235989570617676e-01 1.809202581644058228e-01 4.362395107746124268e-01 -8.814550042152404785e-01
-6.349107623100280762e-02 1.037536114454269409e-01 -6.117219328880310059e-01 9.669892191886901855e-01 1.130265146493911743e-01 -2.283786535263061523e-01
-6.256336718797683716e-02 1.558273136615753174e-01 -6.297803521156311035e-01 9.669892191886901855e-01 1.130265146493911743e-01 -2.283786535263061523e-01
5.677831545472145081e-02 3.289977833628654480e-02 -8.008354902267456055e-01 6.789008776912619763e-17 8.962450623512268066e-01 4.435592293739318848e-01
-7.021369040012359619e-02 1.108776107430458069e-01 -5.889050364494323730e-01 -9.669892191886901855e-01 -1.130265146493911743e-01 2.283786535263061523e-01
4.044148325920104980e-02 -4.181883856654167175e-02 -7.267138361930847168e-01 -9.717453718185424805e-01 1.046939715743064880e-01 -2.115421146154403687e-01
-6.870990246534347534e-02 1.377597749233245850e-01 -6.169892549514770508e-01 9.669892191886901855e-01 1.130265146493911743e-01 -2.283786535263061523e-01
-3.040197677910327911e-02 -2.493243664503097534e-02 -6.839811205863952637e-01 6.789008776912619763e-17 8.962450623512268066e-01 4.435592293739318848e-01
-8.262677490711212158e-02 1.435195952653884888e-01 -6.730648279190063477e-01 9.669892191886901855e-01 1.130265146493911743e-01 -2.283786535263061523e-01
5.384116619825363159e-02 -2.604044787585735321e-02 -7.168604135513305664e-01 6.789008776912619763e-17 8.962450623512268066e-01 4.435592293739318848e-01
4.532176256179809570e-02 -2.398369647562503815e-02 -7.210162281990051270e-01 6.789008776912619763e-17 8.962450623512268066e-01 4.435592293739318848e-01
-5.773815885186195374e-02 1.121944710612297058e-01 -6.309439539909362793e-01 9.669892191886901855e-01 1.130265146493911743e-01 -2.283786535263061523e-01
-7.730206102132797241e-02 1.487715393304824829e-01 -6.479199528694152832e-01 9.669892191886901855e-01 1.130265146493911743e-01 -2.283786535263061523e-01
-5.423275008797645569e-02 -6.273870822042226791e-03 -6.865653395652770996e-01 -6.789008776912619763e-17 -8.962450623512268066e-01 -4.435592293739318848e-01
-6.088142096996307373e-02 1.067118048667907715e-01 -6.469663977622985840e-01 9.669892191886901855e-01 1.130265146493911743e-01 -2.283786535263061523e-01
1.742729544639587402e-02 -3.862875327467918396e-02 -6.563066840171813965e-01 6.789008776912619763e-17 8.962450623512268066e-01 4.435592293739318848e-01
-8.736779540777206421e-02 1.458583027124404907e-01 -6.442258954048156738e-01 -9.669892191886901855e-01 -1.130265146493911743e-01 2.283786535263061523e-01
-9.590213000774383545e-02 9.734398871660232544e-02 -6.358678936958312988e-01 -9.311699867248535156e-01 1.328341811895370483e-01 3.395255208015441895e-01
3.167029842734336853e-02 -3.546274383552372456e-04 -7.336424589157104492e-01 6.789008776912619763e-17 8.962450623512268066e-01 4.435592293739318848e-01
-7.048486173152923584e-02 9.217376261949539185e-02 -5.993099212646484375e-01 -9.669892191886901855e-01 -1.130265146493911743e-01 2.283786535263061523e-01
-6.459988653659820557e-02 1.612470000982284546e-01 -5.879628062248229980e-01 9.669892191886901855e-01 1.130265146493911743e-01 -2.283786535263061523e-01
-3.231766447424888611e-02 -4.960009083151817322e-02 -6.692563295364379883e-01 6.789008776912619763e-17 8.962450623512268066e-01 4.435592293739318848e-01
-3.043920360505580902e-02 -5.544698797166347504e-03 -6.880387067794799805e-01 -6.789008776912619763e-17 -8.962450623512268066e-01 -4.435592293739318848e-01
8.413798362016677856e-02 2.113934047520160675e-02 -7.770726680755615234e-01 6.789008776912619763e-17 8.962450623512268066e-01 4.435592293739318848e-01
-6.174696609377861023e-02 1.295404434204101562e-01 -5.915749669075012207e-01 9.669892191886901855e-01 1.130265146493911743e-01 -2.283786535263061523e-01
1.405282132327556610e-02 -2.376948483288288116e-02 -7.214490771293640137e-01 6.789008776912619763e-17 8.962450623512268066e-01 4.435592293739318848e-01
6.963744014501571655e-02 -3.591416776180267334e-02 -6.617916822433471680e-01 6.789008776912619763e-17 8.962450623512268066e-01 4.435592293739318848e-01
1.178278550505638123e-01 -1.887300051748752594e-02 -6.663470268249511719e-01 -9.669892191886901855e-01 -1.130265146493911743e-01 2.283786535263061523e-01
-4.828024655580520630e-02 4.196437820792198181e-02 -6.156967282295227051e-01 -6.789008776912619763e-17 -8.962450623512268066e-01 -4.435592293739318848e-01
7.745301723480224609e-02 -3.645383566617965698e-02 -6.607012748718261719e-01 6.789008776912619763e-17 8.962450623512268066e-01 4.435592293739318848e-01
5.304557457566261292e-02 -1.207710825838148594e-03 -7.872623801231384277e-01 9.669892191886901855e-01 1.130265146493911743e-01 -2.283786535263061523e-01
-2.307351492345333099e-02 -1.349648833274841309e-01 -8.296842575073242188e-01 9.665515422821044922e-01 1.137607917189598083e-01 -2.298623025417327881e-01
-6.668160110712051392e-02 4.571956023573875427e-02 -6.061969399452209473e-01 -9.669892191886901855e-01 -1.130265146493911743e-01 2.283786535263061523e-01
-7.281082868576049805e-02 7.146782241761684418e-03 -7.136827707290649414e-01 -6.789008776912619763e-17 -8.962450623512268066e-01 -4.435592293739318848e-01
1.278619933873414993e-02 -6.400870531797409058e-02 -7.465995550155639648e-01 -9.999798536300659180e-01 -2.816974418237805367e-03 5.691910162568092346e-03
5.650463700294494629e-02 1.448233518749475479e-02 -7.987397313117980957e-01 6.789008776912619763e-17 8.962450623512268066e-01 4.435592293739318848e-01
6.252521649003028870e-03 -1.258512306958436966e-02 -7.683342695236206055e-01 6.789008776912619763e-17 8.962450623512268066e-01 4.435592293739318848e-01
-9.270004928112030029e-03 4.288643971085548401e-02 -7.858974933624267578e-01 -6.789008776912619763e-17 -8.962450623512268066e-01 -4.435592293739318848e-01
-1.045856177806854248e-01 5.574519559741020203e-02 -6.560069918632507324e-01 -6.789008776912619763e-17 -8.962450623512268066e-01 -4.435592293739318848e-01
1.169767603278160095e-02 -1.297338493168354034e-02 -7.081453204154968262e-01 6.789008776912619763e-17 8.962450623512268066e-01 4.435592293739318848e-01
3.478594869375228882e-02 -2.417797148227691650e-01 -7.066175341606140137e-01 -1.744439899921417236e-01 9.469328522682189941e-01 -2.699767947196960449e-01
-4.888376966118812561e-02 1.518509387969970703e-01 -5.493699312210083008e-01 -2.548171877861022949e-01 4.289169907569885254e-01 -8.666593432426452637e-01
5.872160196304321289e-02 -1.496046930551528931e-01 -7.921386361122131348e-01 -2.548171877861022949e-01 4.289169907569885254e-01 -8.666593432426452637e-01
-8.376710116863250732e-02 1.560378372669219971e-01 -6.716977357864379883e-01 9.669892191886901855e-01 1.130265146493911743e-01 -2.283786535263061523e-01
2.416616678237915039e-02 -1.682390868663787842e-01 -7.518764734268188477e-01 -9.669892191886901855e-01 -1.130265146493911743e-01 2.283786535263061523e-01
-9.613181650638580322e-02 2.048030495643615723e-01 -6.587333679199218750e-01 4.174415767192840576e-01 -4.030639827251434326e-01 8.144213557243347168e-01
-5.121618509292602539e-02 6.206877902150154114e-02 -6.281365752220153809e-01 9.669892191886901855e-01 1.130265146493911743e-01 -2.283786535263061523e-01
-7.247196882963180542e-02 9.467356652021408081e-02 -6.064864397048950195e-01 -9.669892191886901855e-01 -1.130265146493911743e-01 2.283786535263061523e-01
7.794997096061706543e-02 1.535698957741260529e-02 -7.987850904464721680e-01 9.669892191886901855e-01 1.130265146493911743e-01 -2.283786535263061523e-01
2.278253622353076935e-02 -2.025632709264755249e-01 -6.905046701431274414e-01 -2.548171877861022949e-01 4.289169907569885254e-01 -8.666593432426452637e-01
-6.937388330698013306e-02 1.641315966844558716e-02 -7.675230503082275391e-01 6.789008776912619763e-17 8.962450623512268066e-01 4.435592293739318848e-01
-5.488176271319389343e-02 -1.279654260724782944e-02 -6.733857989311218262e-01 -6.789008776912619763e-17 -8.962450623512268066e-01 -4.435592293739318848e-01
-3.689727047458291054e-03 -5.217500776052474976e-02 -6.883398890495300293e-01 6.789008776912619763e-17 8.962450623512268066e-01 4.435592293739318848e-01
7.711911201477050781e-02 -2.501573786139488220e-02 -6.520615816116333008e-01 -2.548171877861022949e-01 4.289169907569885254e-01 -8.666593432426452637e-01
-6.705785542726516724e-02 1.559222787618637085e-01 -6.487636566162109375e-01 9.669892191886901855e-01 1.130265146493911743e-01 -2.283786535263061523e-01
7.856649905443191528e-02 4.565622657537460327e-03 -7.084673643112182617e-01 -6.789008776912619763e-17 -8.962450623512268066e-01 -4.435592293739318848e-01
-6.736736744642257690e-02 -3.476979956030845642e-02 -6.989997625350952148e-01 -9.669892191886901855e-01 -1.130265146493911743e-01 2.283786535263061523e-01
-2.367552369832992554e-02 -5.653363093733787537e-02 -6.739403605461120605e-01 2.548171877861022949e-01 -4.289169907569885254e-01 8.666593432426452637e-01
8.798877149820327759e-02 1.916828099638223648e-03 -7.031152844429016113e-01 -6.789008776912619763e-17 -8.962450623512268066e-01 -4.435592293739318848e-01
5.428417772054672241e-02 -8.902323315851390362e-04 -7.325602173805236816e-01 6.789008776912619763e-17 8.962450623512268066e-01 4.435592293739318848e-01
1.223701089620590210e-01 -1.498745232820510864e-01 -8.109862208366394043e-01 -2.548171877861022949e-01 4.289169907569885254e-01 -8.666593432426452637e-01
-8.604536205530166626e-02 4.118553362786769867e-03 -7.426808476448059082e-01 6.789008776912619763e-17 8.962450623512268066e-01 4.435592293739318848e-01
4.840476438403129578e-03 -2.005160972476005554e-02 -6.587263941764831543e-01 -6.789008776912619763e-17 -8.962450623512268066e-01 -4.435592293739318848e-01
-6.922378391027450562e-02 1.057422533631324768e-01 -6.350108385086059570e-01 9.669892191886901855e-01 1.130265146493911743e-01 -2.283786535263061523e-01
-7.786072790622711182e-02 2.469029277563095093e-03 -7.055302262306213379e-01 9.669892191886901855e-01 1.130265146493911743e-01 -2.283786535263061523e-01
9.902971982955932617e-02 -3.552400320768356323e-02 -6.976981759071350098e-01 6.789008776912619763e-17 8.962450623512268066e-01 4.435592293739318848e-01
5.877019837498664856e-02 -3.047030977904796600e-02 -6.493660807609558105e-01 -2.548171877861022949e-01 4.289169907569885254e-01 -8.666593432426452637e-01
-4.165311902761459351e-02 -5.566273629665374756e-02 -6.812926530838012695e-01 6.789008776912619763e-17 8.962450623512268066e-01 4.435592293739318848e-01
-6.095927208662033081e-02 1.188240423798561096e-01 -6.413015723228454590e-01 9.669892191886901855e-01 1.130265146493911743e-01 -2.283786535263061523e-01
8.904096670448780060e-03 -3.496737778186798096e-02 -7.767025828361511230e-01 -1.744867414236068726e-01 -4.367547929286956787e-01 8.824961781501770020e-01
6.613597273826599121e-02 -3.995184227824211121e-02 -6.887513995170593262e-01 6.789008776912619763e-17 8.962450623512268066e-01 4.435592293739318848e-01
4.543588310480117798e-02 -6.069853436201810837e-03 -7.814988493919372559e-01 6.789008776912619763e-17 8.962450623512268066e-01 4.435592293739318848e-01
9.826849400997161865e-02 -1.452060043811798096e-01 -8.015893697738647461e-01 -2.548171877861022949e-01 4.289169907569885254e-01 -8.666593432426452637e-01
-4.334026202559471130e-02 -4.820140823721885681e-02 -7.057138085365295410e-01 -2.548171877861022949e-01 4.289169907569885254e-01 -8.666593432426452637e-01
-1.135840266942977905e-01 -2.111279070377349854e-01 -7.777682542800903320e-01 -1.222860589623451233e-01 8.769513368606567383e-01 4.647606313228607178e-01
-3.164683654904365540e-02 -1.639815717935562134e-01 -7.803640961647033691e-01 6.789008776912619763e-17 8.962450623512268066e-01 4.435592293739318848e-01
4.350922536104917526e-03 -1.228362619876861572e-01 -7.629505395889282227e-01 -3.151497840881347656e-01 4.209563136100769043e-01 -8.505741357803344727e-01
-1.191436648368835449e-01 -1.833781450986862183e-01 -7.784077525138854980e-01 -6.789008776912619763e-17 -8.962450623512268066e-01 -4.435592293739318848e-01
-2.616466255858540535e-03 -1.261776834726333618e-01 -7.905486226081848145e-01 3.148822784423828125e-01 -4.209956824779510498e-01 8.506537079811096191e-01
3.514945507049560547e-02 -3.444679453969001770e-02 -6.647566556930541992e-01 6.789008776912619763e-17 8.962450623512268066e-01 4.435592293739318848e-01
4.176470916718244553e-03 -1.359100341796875000e-01 -8.086630702018737793e-01 -8.788938820362091064e-02 -4.418427646160125732e-01 8.927767872810363770e-01
-5.342993512749671936e-02 1.071194708347320557e-01 -5.701712369918823242e-01 -2.548171877861022949e-01 4.289169907569885254e-01 -8.666593432426452637e-01
-1.255713403224945068e-01 -1.864849776029586792e-01 -7.797865271568298340e-01 7.515710592269897461e-01 -4.963270127773284912e-01 -4.345117211341857910e-01
-1.086404826492071152e-02 -1.643240824341773987e-02 -7.362741827964782715e-01 6.789008776912619763e-17 8.962450623512268066e-01 4.435592293739318848e-01
9.767955541610717773e-02 -1.383213102817535400e-01 -8.260610103607177734e-01 2.548171877861022949e-01 -4.289169907569885254e-01 8.666593432426452637e-01
-1.139532029628753662e-02 -5.882984772324562073e-02 -7.425696253776550293e-01 9.912926554679870605e-01 5.840677022933959961e-02 -1.180153042078018188e-01
-3.260985016822814941e-02 -5.668212100863456726e-02 -6.406014561653137207e-01 2.548171877861022949e-01 -4.289169907569885254e-01 8.666593432426452637e-01
2.944831363856792450e-02 -1.048962213099002838e-02 -7.725683450698852539e-01 6.789008776912619763e-17 8.962450623512268066e-01 4.435592293739318848e-01
-7.335693389177322388e-02 -3.536759177222847939e-03 -6.920958757400512695e-01 -6.789008776912619763e-17 -8.962450623512268066e-01 -4.435592293739318848e-01
-6.235337257385253906e-02 -1.528979837894439697e-01 -7.862218618392944336e-01 2.548171877861022949e-01 -4.289169907569885254e-01 8.666593432426452637e-01
