5.815969780087471008e-03 1.241357848048210144e-01 -6.096977591514587402e-01 -3.098230361938476562e-01 -4.373406469821929932e-01 8.442409634590148926e-01
9.752432815730571747e-03 -1.928539574146270752e-01 -7.875910997390747070e-01 -9.507942199707031250e-01 1.425105482339859009e-01 -2.751019001007080078e-01
2.239438705146312714e-03 6.122810021042823792e-02 -7.234612107276916504e-01 3.098230361938476562e-01 4.373406469821929932e-01 -8.442409634590148926e-01
2.666441490873694420e-03 2.017486542463302612e-01 -5.734876394271850586e-01 3.098230361938476562e-01 4.373406469821929932e-01 -8.442409634590148926e-01
4.314575344324111938e-03 2.358781844377517700e-01 -6.322259902954101562e-01 3.098230361938476562e-01 4.373406469821929932e-01 -8.442409634590148926e-01
-1.857260055840015411e-02 -1.779637634754180908e-01 -8.148753046989440918e-01 -9.507942199707031250e-01 1.425105482339859009e-01 -2.751019001007080078e-01
9.367693564854562283e-04 -2.013261467218399048e-01 -7.800867557525634766e-01 -3.098230361938476562e-01 -4.373406469821929932e-01 8.442409634590148926e-01
1.594379730522632599e-02 -2.220387160778045654e-01 -8.651720881462097168e-01 3.098230361938476562e-01 4.373406469821929932e-01 -8.442409634590148926e-01
1.872943341732025146e-02 2.303929030895233154e-01 -6.297774910926818848e-01 3.098230361938476562e-01 4.373406469821929932e-01 -8.442409634590148926e-01
6.787690334022045135e-03 1.907374262809753418e-01 -5.748395919799804688e-01 -3.098230361938476562e-01 -4.373406469821929932e-01 8.442409634590148926e-01
2.278643893077969551e-03 -1.092952415347099304e-01 -7.319197058677673340e-01 -3.098230361938476562e-01 -4.373406469821929932e-01 8.442409634590148926e-01
1.869425363838672638e-02 2.596062123775482178e-01 -6.113379597663879395e-01 4.059764396102082389e-17 8.879323601722717285e-01 4.599740207195281982e-01
-2.239074185490608215e-02 1.966411620378494263e-01 -5.853290557861328125e-01 3.098230361938476562e-01 4.373406469821929932e-01 -8.442409634590148926e-01
-5.957720335572957993e-03 -1.421362906694412231e-01 -8.289788365364074707e-01 -3.098230361938476562e-01 -4.373406469821929932e-01 8.442409634590148926e-01
7.165432441979646683e-03 -2.199102193117141724e-01 -7.874280214309692383e-01 -3.098230361938476562e-01 -4.373406469821929932e-01 8.442409634590148926e-01
-1.230175048112869263e-02 -3.918451070785522461e-02 -7.037909030914306641e-01 3.098230361938476562e-01 4.373406469821929932e-01 -8.442409634590148926e-01
-1.227338518947362900e-02 2.426026612520217896e-01 -6.100643873214721680e-01 -9.507942199707031250e-01 1.425105482339859009e-01 -2.751019001007080078e-01
9.644454345107078552e-03 1.812475919723510742e-01 -5.847060084342956543e-01 9.507942199707031250e-01 -1.425105482339859009e-01 2.751019001007080078e-01
1.222562696784734726e-02 -1.428588852286338806e-02 -6.949188113212585449e-01 9.507942199707031250e-01 -1.425105482339859009e-01 2.751019001007080078e-01
6.180391181260347366e-03 -2.344242781400680542e-01 -8.694127202033996582e-01 -4.059764396102082389e-17 -8.879323601722717285e-01 -4.599740207195281982e-01
1.857408881187438965e-02 -1.916196495294570923e-01 -8.174406886100769043e-01 -9.507942199707031250e-01 1.425105482339859009e-01 -2.751019001007080078e-01
-1.541836280375719070e-02 -1.719934344291687012e-01 -8.226840496063232422e-01 -9.507942199707031250e-01 1.425105482339859009e-01 -2.751019001007080078e-01
2.424751222133636475e-02 -1.965136975049972534e-01 -8.395841717720031738e-01 -9.507942199707031250e-01 1.425105482339859009e-01 -2.751019001007080078e-01
1.779389940202236176e-02 -1.238151788711547852e-01 -8.107715249061584473e-01 -3.098230361938476562e-01 -4.373406469821929932e-01 8.442409634590148926e-01
-8.456649258732795715e-03 -1.560053825378417969e-01 -8.384625315666198730e-01 -9.507942199707031250e-01 1.425105482339859009e-01 -2.751019001007080078e-01
-4.338908009231090546e-03 6.326175481081008911e-02 -7.219827771186828613e-01 -3.098230361938476562e-01 -4.373406469821929932e-01 8.442409634590148926e-01
4.241287708282470703e-03 -1.623130291700363159e-01 -8.356881141662597656e-01 -3.098230361938476562e-01 -4.373406469821929932e-01 8.442409634590148926e-01
-2.668764442205429077e-02 -5.078039318323135376e-02 -7.122375369071960449e-01 -3.098230361938476562e-01 -4.373406469821929932e-01 8.442409634590148926e-01
-9.672433137893676758e-03 -1.849775016307830811e-02 -7.543110251426696777e-01 9.507942199707031250e-01 -1.425105482339859009e-01 2.751019001007080078e-01
2.181962877511978149e-02 9.020694345235824585e-02 -6.826636791229248047e-01 -9.507942199707031250e-01 1.425105482339859009e-01 -2.751019001007080078e-01
-1.791653409600257874e-02 -5.005178600549697876e-02 -7.508807778358459473e-01 -9.507942199707031250e-01 1.425105482339859009e-01 -2.751019001007080078e-01
-4.403620958328247070e-02 -2.538010776042938232e-01 -8.189775943756103516e-01 4.059764396102082389e-17 8.879323601722717285e-01 4.599740207195281982e-01
-1.089459937065839767e-02 5.933386832475662231e-02 -7.184848189353942871e-01 -9.507942199707031250e-01 1.425105482339859009e-01 -2.751019001007080078e-01
1.042009051889181137e-02 -1.145578548312187195e-01 -8.086820244789123535e-01 -3.098230361938476562e-01 -4.373406469821929932e-01 8.442409634590148926e-01
-1.886208727955818176e-02 3.924347087740898132e-02 -6.655705571174621582e-01 3.098230361938476562e-01 4.373406469821929932e-01 -8.442409634590148926e-01
6.155773997306823730e-03 -1.382125914096832275e-01 -7.454769015312194824e-01 -3.098230361938476562e-01 -4.373406469821929932e-01 8.442409634590148926e-01
-8.132312446832656860e-03 2.245202213525772095e-01 -6.337437629699707031e-01 9.507942199707031250e-01 -1.425105482339859009e-01 2.751019001007080078e-01
-7.913318462669849396e-03 1.725300401449203491e-01 -5.896666049957275391e-01 -3.098230361938476562e-01 -4.373406469821929932e-01 8.442409634590148926e-01
1.104284264147281647e-02 -2.103433385491371155e-02 -7.030435800552368164e-01 -9.507942199707031250e-01 1.425105482339859009e-01 -2.751019001007080078e-01
-2.537156641483306885e-02 -2.264105081558227539e-01 -8.077571392059326172e-01 9.507942199707031250e-01 -1.425105482339859009e-01 2.751019001007080078e-01
1.351855788379907608e-02 -1.400448977947235107e-01 -8.235870003700256348e-01 3.098230361938476562e-01 4.373406469821929932e-01 -8.442409634590148926e-01
-2.366544306278228760e-02 -4.108988121151924133e-02 -7.176524400711059570e-01 9.507942199707031250e-01 -1.425105482339859009e-01 2.751019001007080078e-01
-2.374670840799808502e-02 6.463232636451721191e-02 -6.542109847068786621e-01 3.098230361938476562e-01 4.373406469821929932e-01 -8.442409634590148926e-01
-2.189461514353752136e-02 1.833562254905700684e-01 -5.891892313957214355e-01 -3.098230361938476562e-01 -4.373406469821929932e-01 8.442409634590148926e-01
6.854041479527950287e-03 1.578327966853976250e-03 -7.498289346694946289e-01 -3.098230361938476562e-01 -4.373406469821929932e-01 8.442409634590148926e-01
1.620775874471291900e-04 2.159234285354614258e-01 -5.670637488365173340e-01 3.098230361938476562e-01 4.373406469821929932e-01 -8.442409634590148926e-01
-1.949002034962177277e-02 1.073296442627906799e-01 -6.639124751091003418e-01 -9.507942199707031250e-01 1.425105482339859009e-01 -2.751019001007080078e-01
2.855045162141323090e-02 -5.442777648568153381e-02 -7.721345424652099609e-01 9.507942199707031250e-01 -1.425105482339859009e-01 2.751019001007080078e-01
-7.845692336559295654e-03 -1.647973209619522095e-01 -8.364118337631225586e-01 9.507942199707031250e-01 -1.425105482339859009e-01 2.751019001007080078e-01
-1.588622666895389557e-02 -2.919543161988258362e-02 -6.999317407608032227e-01 3.098230361938476562e-01 4.373406469821929932e-01 -8.442409634590148926e-01
1.218143664300441742e-02 1.089683547616004944e-01 -6.922428011894226074e-01 -3.098230361938476562e-01 -4.373406469821929932e-01 8.442409634590148926e-01
1.046508271247148514e-02 -2.238571494817733765e-01 -8.571262955665588379e-01 1.885613352060317993e-01 -4.383776485919952393e-01 -8.787887692451477051e-01
-1.641540671698749065e-03 1.374372094869613647e-01 -6.083837151527404785e-01 3.098230361938476562e-01 4.373406469821929932e-01 -8.442409634590148926e-01
-1.902063935995101929e-02 5.963023006916046143e-02 -6.522280573844909668e-01 -3.098230361938476562e-01 -4.373406469821929932e-01 8.442409634590148926e-01
-6.487373262643814087e-03 2.485253512859344482e-01 -6.225222945213317871e-01 -4.059764396102082389e-17 -8.879323601722717285e-01 -4.599740207195281982e-01
1.575107686221599579e-02 -1.418798416852951050e-01 -7.732005715370178223e-01 9.507942199707031250e-01 -1.425105482339859009e-01 2.751019001007080078e-01
-1.729967445135116577e-02 -1.552225947380065918e-01 -8.074942231178283691e-01 -9.507942199707031250e-01 1.425105482339859009e-01 -2.751019001007080078e-01
-2.327009104192256927e-02 1.803942397236824036e-02 -6.753327846527099609e-01 -3.098230361938476562e-01 -4.373406469821929932e-01 8.442409634590148926e-01
-5.356171168386936188e-03 -2.153885960578918457e-01 -8.562020063400268555e-01 4.049316048622131348e-02 9.374753236770629883e-01 3.456881046295166016e-01
1.900844648480415344e-02 1.637273579835891724e-01 -6.261454224586486816e-01 9.507942199707031250e-01 -1.425105482339859009e-01 2.751019001007080078e-01
1.835298724472522736e-02 -1.753481626510620117e-01 -8.082474470138549805e-01 -9.507942199707031250e-01 1.425105482339859009e-01 -2.751019001007080078e-01
-1.663466170430183411e-02 1.088879853487014771e-01 -6.286752820014953613e-01 3.098230361938476562e-01 4.373406469821929932e-01 -8.442409634590148926e-01
-1.791167631745338440e-02 2.437189817428588867e-01 -5.806692838668823242e-01 4.059764396102082389e-17 8.879323601722717285e-01 4.599740207195281982e-01
-1.436272915452718735e-02 -2.229394614696502686e-01 -8.850672841072082520e-01 4.059764396102082389e-17 8.879323601722717285e-01 4.599740207195281982e-01
1.138113066554069519e-02 -1.121461465954780579e-01 -7.426944971084594727e-01 9.507942199707031250e-01 -1.425105482339859009e-01 2.751019001007080078e-01
-2.531975507736206055e-02 -3.360166400671005249e-02 -7.028365135192871094e-01 -3.098230361938476562e-01 -4.373406469821929932e-01 8.442409634590148926e-01
1.386330742388963699e-02 -1.609134823083877563e-01 -7.852528691291809082e-01 -9.507942199707031250e-01 1.425105482339859009e-01 -2.751019001007080078e-01
1.006564311683177948e-02 1.503573358058929443e-01 -6.021637320518493652e-01 9.507942199707031250e-01 -1.425105482339859009e-01 2.751019001007080078e-01
8.232191205024719238e-03 -6.772207468748092651e-02 -7.087983489036560059e-01 9.507942199707031250e-01 -1.425105482339859009e-01 2.751019001007080078e-01
-7.971491664648056030e-03 1.411380618810653687e-01 -6.858128309249877930e-01 3.098230361938476562e-01 4.373406469821929932e-01 -8.442409634590148926e-01
-2.427672967314720154e-03 -2.298292070627212524e-01 -7.960868477821350098e-01 -3.098230361938476562e-01 -4.373406469821929932e-01 8.442409634590148926e-01
7.327708415687084198e-03 3.689433261752128601e-02 -7.313603758811950684e-01 -3.098230361938476562e-01 -4.373406469821929932e-01 8.442409634590148926e-01
-2.502710185945034027e-02 -1.374213956296443939e-03 -6.860343813896179199e-01 -3.098230361938476562e-01 -4.373406469821929932e-01 8.442409634590148926e-01
1.239281799644231796e-02 -2.214269340038299561e-01 -8.839063644409179688e-01 3.098230361938476562e-01 4.373406469821929932e-01 -8.442409634590148926e-01
2.197994291782379150e-02 -7.491660118103027344e-02 -7.839044928550720215e-01 -3.098230361938476562e-01 -4.373406469821929932e-01 8.442409634590148926e-01
2.863433770835399628e-02 1.821273937821388245e-02 -7.360585331916809082e-01 3.098230361938476562e-01 4.373406469821929932e-01 -8.442409634590148926e-01
-1.027162279933691025e-02 -2.430880516767501831e-01 -8.526881933212280273e-01 -4.059764396102082389e-17 -8.879323601722717285e-01 -4.599740207195281982e-01
1.303784642368555069e-02 -2.639766968786716461e-02 -7.648909687995910645e-01 3.098230361938476562e-01 4.373406469821929932e-01 -8.442409634590148926e-01
1.696690917015075684e-02 -2.190764695405960083e-01 -8.536146879196166992e-01 2.458016872406005859e-01 8.874988555908203125e-01 -3.897787332534790039e-01
-4.750791005790233612e-03 -1.213642731308937073e-01 -8.177754282951354980e-01 -3.098230361938476562e-01 -4.373406469821929932e-01 8.442409634590148926e-01
-1.209166459739208221e-02 -1.572753787040710449e-01 -8.178405165672302246e-01 9.507942199707031250e-01 -1.425105482339859009e-01 2.751019001007080078e-01
-7.995801046490669250e-03 -4.379514232277870178e-02 -7.732105255126953125e-01 9.507942199707031250e-01 -1.425105482339859009e-01 2.751019001007080078e-01
2.359712868928909302e-02 2.516967654228210449e-01 -6.141160726547241211e-01 3.098230361938476562e-01 4.373406469821929932e-01 -8.442409634590148926e-01
-2.002838253974914551e-02 -2.331691235303878784e-01 -8.297251462936401367e-01 -9.507942199707031250e-01 1.425105482339859009e-01 -2.751019001007080078e-01
-2.657783962786197662e-02 1.294904798269271851e-01 -6.279380321502685547e-01 -9.507942199707031250e-01 1.425105482339859009e-01 -2.751019001007080078e-01
2.205160446465015411e-02 -1.583376526832580566e-01 -8.299316763877868652e-01 3.098230361938476562e-01 4.373406469821929932e-01 -8.442409634590148926e-01
-7.463141344487667084e-03 -1.616382449865341187e-01 -8.424729108810424805e-01 3.098230361938476562e-01 4.373406469821929932e-01 -8.442409634590148926e-01
-3.932847175747156143e-03 2.375130802392959595e-01 -5.686894655227661133e-01 4.059764396102082389e-17 8.879323601722717285e-01 4.599740207195281982e-01
1.791060715913772583e-02 -1.581434905529022217e-01 -7.978060245513916016e-01 -9.507942199707031250e-01 1.425105482339859009e-01 -2.751019001007080078e-01
-2.169944345951080322e-03 -9.506107866764068604e-02 -7.290183305740356445e-01 3.098230361938476562e-01 4.373406469821929932e-01 -8.442409634590148926e-01
-1.157493609935045242e-02 2.084961384534835815e-01 -6.301464438438415527e-01 9.507942199707031250e-01 -1.425105482339859009e-01 2.751019001007080078e-01
-2.264747209846973419e-02 -2.410383075475692749e-01 -8.436148166656494141e-01 4.059764396102082389e-17 8.879323601722717285e-01 4.599740207195281982e-01
-1.233139727264642715e-02 1.556538790464401245e-01 -6.636204719543457031e-01 -9.507942199707031250e-01 1.425105482339859009e-01 -2.751019001007080078e-01
-7.431763224303722382e-03 -1.750873476266860962e-01 -7.724052071571350098e-01 3.098230361938476562e-01 4.373406469821929932e-01 -8.442409634590148926e-01
4.274888429790735245e-03 -7.879155687987804413e-03 -7.556746602058410645e-01 -3.098230361938476562e-01 -4.373406469821929932e-01 8.442409634590148926e-01
2.511513791978359222e-02 9.342725574970245361e-02 -6.955470442771911621e-01 -3.098230361938476562e-01 -4.373406469821929932e-01 8.442409634590148926e-01
1.309819053858518600e-02 -1.055935993790626526e-01 -7.452365756034851074e-01 9.507942199707031250e-01 -1.425105482339859009e-01 2.751019001007080078e-01
-1.869221590459346771e-02 1.404865384101867676e-01 -6.102216839790344238e-01 -3.098230361938476562e-01 -4.373406469821929932e-01 8.442409634590148926e-01
5.643629003316164017e-03 2.113243341445922852e-01 -5.645948648452758789e-01 -3.098230361938476562e-01 -4.373406469821929932e-01 8.442409634590148926e-01
-1.740863546729087830e-02 -1.364889591932296753e-01 -7.974130511283874512e-01 -9.507942199707031250e-01 1.425105482339859009e-01 -2.751019001007080078e-01
-1.062871795147657394e-02 1.779567897319793701e-01 -6.492369771003723145e-01 9.507942199707031250e-01 -1.425105482339859009e-01 2.751019001007080078e-01
1.160492748022079468e-02 -2.216211557388305664e-01 -8.289793133735656738e-01 4.059764396102082389e-17 8.879323601722717285e-01 4.599740207195281982e-01
-1.372972223907709122e-02 -1.434549242258071899e-01 -8.137364983558654785e-01 -9.507942199707031250e-01 1.425105482339859009e-01 -2.751019001007080078e-01
2.546798996627330780e-02 3.385807946324348450e-02 -7.244632244110107422e-01 -9.507942199707031250e-01 1.425105482339859009e-01 -2.751019001007080078e-01
2.345622144639492035e-02 -1.801155656576156616e-01 -8.378587365150451660e-01 -3.098230361938476562e-01 -4.373406469821929932e-01 8.442409634590148926e-01
2.011954225599765778e-02 -1.219755155034363270e-03 -7.492492198944091797e-01 3.098230361938476562e-01 4.373406469821929932e-01 -8.442409634590148926e-01
-2.026944048702716827e-02 -1.245833002030849457e-02 -7.145575881004333496e-01 9.507942199707031250e-01 -1.425105482339859009e-01 2.751019001007080078e-01
-2.529753558337688446e-02 1.062631830573081970e-01 -6.303744316101074219e-01 -3.098230361938476562e-01 -4.373406469821929932e-01 8.442409634590148926e-01
6.486365105956792831e-03 3.054302930831909180e-02 -6.579353809356689453e-01 -3.098230361938476562e-01 -4.373406469821929932e-01 8.442409634590148926e-01
1.611801446415483952e-03 -1.532230079174041748e-01 -7.577599883079528809e-01 3.098230361938476562e-01 4.373406469821929932e-01 -8.442409634590148926e-01
-2.884353138506412506e-02 -1.348018944263458252e-01 -7.565542459487915039e-01 -3.098230361938476562e-01 -4.373406469821929932e-01 8.442409634590148926e-01
1.278839167207479477e-02 -2.264566868543624878e-01 -8.782775998115539551e-01 4.059764396102082389e-17 8.879323601722717285e-01 4.599740207195281982e-01
-1.314906403422355652e-02 2.250189185142517090e-01 -6.248635053634643555e-01 -9.507942199707031250e-01 1.425105482339859009e-01 -2.751019001007080078e-01
-4.548643715679645538e-03 2.317501455545425415e-01 -6.347780227661132812e-01 -3.098230361938476562e-01 -4.373406469821929932e-01 8.442409634590148926e-01
-1.121288817375898361e-02 -2.356456667184829712e-01 -8.605391979217529297e-01 4.059764396102082389e-17 8.879323601722717285e-01 4.599740207195281982e-01
4.826720803976058960e-03 -7.731465250253677368e-02 -7.942807674407958984e-01 3.098230361938476562e-01 4.373406469821929932e-01 -8.442409634590148926e-01
2.442631684243679047e-02 -1.264821738004684448e-02 -7.507498860359191895e-01 -3.098230361938476562e-01 -4.373406469821929932e-01 8.442409634590148926e-01
-1.091164164245128632e-02 -1.163369938731193542e-01 -7.432479262351989746e-01 3.098230361938476562e-01 4.373406469821929932e-01 -8.442409634590148926e-01
8.899609558284282684e-03 -2.430857121944427490e-01 -8.526927232742309570e-01 -4.059764396102082389e-17 -8.879323601722717285e-01 -4.599740207195281982e-01
1.244157459586858749e-02 -1.007577702403068542e-01 -8.007913827896118164e-01 -3.098230361938476562e-01 -4.373406469821929932e-01 8.442409634590148926e-01
4.995268303900957108e-03 -1.699738204479217529e-01 -8.422189354896545410e-01 3.098230361938476562e-01 4.373406469821929932e-01 -8.442409634590148926e-01
1.417270954698324203e-02 1.140809953212738037e-01 -6.438673138618469238e-01 -9.507942199707031250e-01 1.425105482339859009e-01 -2.751019001007080078e-01
1.968406140804290771e-03 4.632670804858207703e-02 -6.542567610740661621e-01 3.098230361938476562e-01 4.373406469821929932e-01 -8.442409634590148926e-01
3.224275424145162106e-04 -2.237731069326400757e-01 -8.689643144607543945e-01 3.098230361938476562e-01 4.373406469821929932e-01 -8.442409634590148926e-01
-2.176470495760440826e-02 1.615660265088081360e-02 -6.945663690567016602e-01 9.507942199707031250e-01 -1.425105482339859009e-01 2.751019001007080078e-01
1.251567591680213809e-04 2.463643401861190796e-01 -6.254922151565551758e-01 -3.098230361938476562e-01 -4.373406469821929932e-01 8.442409634590148926e-01
-1.351717300713062286e-02 -1.665975153446197510e-01 -8.177428841590881348e-01 9.507942199707031250e-01 -1.425105482339859009e-01 2.751019001007080078e-01
1.423814706504344940e-02 2.108485251665115356e-01 -6.387112140655517578e-01 -3.098230361938476562e-01 -4.373406469821929932e-01 8.442409634590148926e-01
1.364326477050781250e-02 -2.288985997438430786e-01 -8.197105526924133301e-01 9.507942199707031250e-01 -1.425105482339859009e-01 2.751019001007080078e-01
1.707201823592185974e-02 5.039120465517044067e-02 -7.207926511764526367e-01 -3.098230361938476562e-01 -4.373406469821929932e-01 8.442409634590148926e-01
-1.022740826010704041e-02 1.349305957555770874e-01 -6.816294789314270020e-01 -9.507942199707031250e-01 1.425105482339859009e-01 -2.751019001007080078e-01
-1.238375995308160782e-02 1.405109614133834839e-01 -6.625692844390869141e-01 9.507942199707031250e-01 -1.425105482339859009e-01 2.751019001007080078e-01
2.433132193982601166e-02 9.871028363704681396e-02 -6.782227158546447754e-01 9.507942199707031250e-01 -1.425105482339859009e-01 2.751019001007080078e-01
2.148568071424961090e-02 -1.660683900117874146e-01 -8.313050270080566406e-01 -3.098230361938476562e-01 -4.373406469821929932e-01 8.442409634590148926e-01
-6.676516495645046234e-04 1.258827447891235352e-01 -6.140118837356567383e-01 3.098230361938476562e-01 4.373406469821929932e-01 -8.442409634590148926e-01
7.300707045942544937e-03 1.859908364713191986e-02 -6.695789098739624023e-01 -9.507942199707031250e-01 1.425105482339859009e-01 -2.751019001007080078e-01
-8.075181394815444946e-03 2.463526874780654907e-01 -6.313460469245910645e-01 -9.507942199707031250e-01 1.425105482339859009e-01 -2.751019001007080078e-01
1.946997642517089844e-02 1.573190391063690186e-01 -6.397769451141357422e-01 -9.507942199707031250e-01 1.425105482339859009e-01 -2.751019001007080078e-01
-2.225628122687339783e-02 4.215411096811294556e-02 -6.881167292594909668e-01 -9.507942199707031250e-01 1.425105482339859009e-01 -2.751019001007080078e-01
2.017381228506565094e-02 1.205966398119926453e-01 -6.525180935859680176e-01 9.507942199707031250e-01 -1.425105482339859009e-01 2.751019001007080078e-01
-6.602786743314936757e-05 1.005571559071540833e-01 -7.039337158203125000e-01 3.098230361938476562e-01 4.373406469821929932e-01 -8.442409634590148926e-01
-1.319573167711496353e-02 2.237537652254104614e-01 -5.650697946548461914e-01 -3.098230361938476562e-01 -4.373406469821929932e-01 8.442409634590148926e-01
-2.451212890446186066e-02 -2.345810383558273315e-01 -8.625943660736083984e-01 4.059764396102082389e-17 8.879323601722717285e-01 4.599740207195281982e-01
-1.184306666254997253e-02 -2.434304803609848022e-01 -8.212863206863403320e-01 4.047558456659317017e-02 -8.231879472732543945e-01 -5.663243532180786133e-01
2.794334851205348969e-02 -4.024398047477006912e-03 -7.478315830230712891e-01 3.098230361938476562e-01 4.373406469821929932e-01 -8.442409634590148926e-01
9.951967746019363403e-03 9.771791845560073853e-02 -7.017280459403991699e-01 3.098230361938476562e-01 4.373406469821929932e-01 -8.442409634590148926e-01
2.820439264178276062e-02 -2.151478230953216553e-01 -8.571029901504516602e-01 3.098230361938476562e-01 4.373406469821929932e-01 -8.442409634590148926e-01
4.227863159030675888e-03 -2.032354772090911865e-01 -8.597310781478881836e-01 3.098230361938476562e-01 4.373406469821929932e-01 -8.442409634590148926e-01
-1.117576006799936295e-02 -2.593673467636108398e-01 -8.212627172470092773e-01 -4.059764396102082389e-17 -8.879323601722717285e-01 -4.599740207195281982e-01
-2.773438766598701477e-02 -1.612260043621063232e-01 -7.745401859283447266e-01 -9.507942199707031250e-01 1.425105482339859009e-01 -2.751019001007080078e-01
-1.170897483825683594e-02 -1.788121908903121948e-01 -8.303198814392089844e-01 9.507942199707031250e-01 -1.425105482339859009e-01 2.751019001007080078e-01
1.525485049933195114e-02 1.567603051662445068e-01 -6.663572788238525391e-01 -3.098230361938476562e-01 -4.373406469821929932e-01 8.442409634590148926e-01
1.919052004814147949e-02 -5.328699201345443726e-02 -7.391942143440246582e-01 9.507942199707031250e-01 -1.425105482339859009e-01 2.751019001007080078e-01
-6.229238584637641907e-03 -3.113100677728652954e-02 -7.715746164321899414e-01 -3.098230361938476562e-01 -4.373406469821929932e-01 8.442409634590148926e-01
-6.835319101810455322e-03 -2.548272907733917236e-01 -8.169965744018554688e-01 4.059764396102082389e-17 8.879323601722717285e-01 4.599740207195281982e-01
-1.191398914670571685e-04 1.786905378103256226e-01 -6.634778976440429688e-01 3.098230361938476562e-01 4.373406469821929932e-01 -8.442409634590148926e-01
-1.573137380182743073e-02 2.317122519016265869e-01 -6.037545800209045410e-01 9.507942199707031250e-01 -1.425105482339859009e-01 2.751019001007080078e-01
-1.111246552318334579e-02 -1.325883809477090836e-02 -6.870844960212707520e-01 -3.098230361938476562e-01 -4.373406469821929932e-01 8.442409634590148926e-01
-1.527707092463970184e-02 -1.848173588514328003e-01 -7.803246974945068359e-01 3.098230361938476562e-01 4.373406469821929932e-01 -8.442409634590148926e-01
5.116273532621562481e-04 -2.095277607440948486e-01 -8.523243665695190430e-01 4.059764396102082389e-17 8.879323601722717285e-01 4.599740207195281982e-01
5.620557349175214767e-03 -8.701757341623306274e-02 -7.961767315864562988e-01 -3.098230361938476562e-01 -4.373406469821929932e-01 8.442409634590148926e-01
-1.117601431906223297e-02 2.590304315090179443e-01 -6.102264523506164551e-01 4.059764396102082389e-17 8.879323601722717285e-01 4.599740207195281982e-01
-6.889754906296730042e-03 1.776788383722305298e-01 -6.664866805076599121e-01 3.098230361938476562e-01 4.373406469821929932e-01 -8.442409634590148926e-01
-1.744085364043712616e-02 -1.040091291069984436e-01 -7.717595100402832031e-01 9.507942199707031250e-01 -1.425105482339859009e-01 2.751019001007080078e-01
-3.679893678054213524e-03 1.913554370403289795e-01 -6.553847789764404297e-01 -3.098230361938476562e-01 -4.373406469821929932e-01 8.442409634590148926e-01
-2.481093630194664001e-03 2.031080722808837891e-01 -6.488566398620605469e-01 -3.098230361938476562e-01 -4.373406469821929932e-01 8.442409634590148926e-01
9.473299607634544373e-03 -4.586069844663143158e-03 -7.520610094070434570e-01 -3.098230361938476562e-01 -4.373406469821929932e-01 8.442409634590148926e-01
-8.086320012807846069e-03 -4.062949866056442261e-02 -7.799745202064514160e-01 -9.507942199707031250e-01 1.425105482339859009e-01 -2.751019001007080078e-01
-1.224243640899658203e-02 1.273481100797653198e-01 -6.146607995033264160e-01 -3.098230361938476562e-01 -4.373406469821929932e-01 8.442409634590148926e-01
2.942100912332534790e-02 -2.385332435369491577e-01 -8.549650907516479492e-01 4.059764396102082389e-17 8.879323601722717285e-01 4.599740207195281982e-01
-9.095660410821437836e-03 1.845129430294036865e-01 -6.511391997337341309e-01 9.507942199707031250e-01 -1.425105482339859009e-01 2.751019001007080078e-01
-4.531541839241981506e-03 2.595450878143310547e-01 -6.232129335403442383e-01 3.098230361938476562e-01 4.373406469821929932e-01 -8.442409634590148926e-01
9.455040097236633301e-03 -7.364080846309661865e-02 -7.248075008392333984e-01 -9.507942199707031250e-01 1.425105482339859009e-01 -2.751019001007080078e-01
1.545234676450490952e-02 -6.826296448707580566e-02 -7.427492141723632812e-01 -9.507942199707031250e-01 1.425105482339859009e-01 -2.751019001007080078e-01
-8.665035478770732880e-03 6.953742355108261108e-02 -7.209048271179199219e-01 -9.507942199707031250e-01 1.425105482339859009e-01 -2.751019001007080078e-01
2.370467176660895348e-03 -9.897191077470779419e-02 -8.035621643066406250e-01 -3.098230361938476562e-01 -4.373406469821929932e-01 8.442409634590148926e-01
-1.973796449601650238e-02 1.668968349695205688e-01 -6.321980953216552734e-01 -9.507942199707031250e-01 1.425105482339859009e-01 -2.751019001007080078e-01
-6.986713968217372894e-03 1.586414873600006104e-01 -6.718301773071289062e-01 9.507942199707031250e-01 -1.425105482339859009e-01 2.751019001007080078e-01
-2.424186281859874725e-02 -2.355942130088806152e-01 -8.164189457893371582e-01 -9.507942199707031250e-01 1.425105482339859009e-01 -2.751019001007080078e-01
-1.398052088916301727e-02 -2.545594274997711182e-01 -8.305438756942749023e-01 -4.059764396102082389e-17 -8.879323601722717285e-01 -4.599740207195281982e-01
-2.585574612021446228e-02 1.027589198201894760e-02 -6.803033947944641113e-01 -3.098230361938476562e-01 -4.373406469821929932e-01 8.442409634590148926e-01
-2.248603664338588715e-02 -1.605261713266372681e-01 -7.923167347908020020e-01 -9.507942199707031250e-01 1.425105482339859009e-01 -2.751019001007080078e-01
2.446788921952247620e-02 -2.281372398138046265e-01 -8.750334978103637695e-01 4.059764396102082389e-17 8.879323601722717285e-01 4.599740207195281982e-01
2.782038971781730652e-02 -9.409917891025543213e-02 -7.901622653007507324e-01 9.507942199707031250e-01 -1.425105482339859009e-01 2.751019001007080078e-01
-1.724782958626747131e-02 6.882443279027938843e-02 -6.828939914703369141e-01 9.507942199707031250e-01 -1.425105482339859009e-01 2.751019001007080078e-01
-1.138007082045078278e-02 -1.716913282871246338e-01 -8.364844918251037598e-01 -9.507942199707031250e-01 1.425105482339859009e-01 -2.751019001007080078e-01
1.523159723728895187e-02 2.249546200037002563e-01 -5.900912880897521973e-01 -9.507942199707031250e-01 1.425105482339859009e-01 -2.751019001007080078e-01
9.762701578438282013e-03 9.086909145116806030e-02 -7.025063633918762207e-01 -3.098230361938476562e-01 -4.373406469821929932e-01 8.442409634590148926e-01
1.929043792188167572e-02 -2.283523380756378174e-01 -8.681037425994873047e-01 4.059764396102082389e-17 8.879323601722717285e-01 4.599740207195281982e-01
-2.226260118186473846e-02 -2.229363322257995605e-01 -7.997952699661254883e-01 -3.098230361938476562e-01 -4.373406469821929932e-01 8.442409634590148926e-01
1.591159217059612274e-02 -1.096679735928773880e-02 -7.059407830238342285e-01 9.507942199707031250e-01 -1.425105482339859009e-01 2.751019001007080078e-01
-2.564679458737373352e-02 1.917977333068847656e-01 -5.890330076217651367e-01 3.098230361938476562e-01 4.373406469821929932e-01 -8.442409634590148926e-01
1.869205757975578308e-02 -1.032913178205490112e-01 -7.720918655395507812e-01 -9.507942199707031250e-01 1.425105482339859009e-01 -2.751019001007080078e-01
1.955032907426357269e-02 -8.874046057462692261e-02 -7.675204277038574219e-01 -9.507942199707031250e-01 1.425105482339859009e-01 -2.751019001007080078e-01
3.146125469356775284e-03 2.291741222143173218e-01 -6.361276507377624512e-01 3.098230361938476562e-01 4.373406469821929932e-01 -8.442409634590148926e-01
-1.576326042413711548e-02 1.884258240461349487e-01 -6.347846984863281250e-01 -9.507942199707031250e-01 1.425105482339859009e-01 -2.751019001007080078e-01
1.763794012367725372e-02 2.047559469938278198e-01 -6.434587240219116211e-01 3.098230361938476562e-01 4.373406469821929932e-01 -8.442409634590148926e-01
-2.975754067301750183e-02 -2.611678838729858398e-01 -8.047567605972290039e-01 4.059764396102082389e-17 8.879323601722717285e-01 4.599740207195281982e-01
-1.622741483151912689e-02 -8.417972922325134277e-02 -7.257006168365478516e-01 -3.098230361938476562e-01 -4.373406469821929932e-01 8.442409634590148926e-01
-2.038419246673583984e-02 -1.403475552797317505e-01 -7.563226222991943359e-01 -3.098230361938476562e-01 -4.373406469821929932e-01 8.442409634590148926e-01
4.770320653915405273e-02 -2.279397249221801758e-01 -8.743218183517456055e-01 3.098230361938476562e-01 4.373406469821929932e-01 -8.442409634590148926e-01
-2.868837490677833557e-02 -9.490218013525009155e-02 -7.368854284286499023e-01 -9.507942199707031250e-01 1.425105482339859009e-01 -2.751019001007080078e-01
2.566154301166534424e-02 1.447082012891769409e-01 -6.677086949348449707e-01 -9.507942199707031250e-01 1.425105482339859009e-01 -2.751019001007080078e-01
2.473916485905647278e-02 -1.187960952520370483e-01 -8.010234832763671875e-01 -9.507942199707031250e-01 1.425105482339859009e-01 -2.751019001007080078e-01
1.669711060822010040e-02 9.908103384077548981e-03 -7.447406649589538574e-01 3.098230361938476562e-01 4.373406469821929932e-01 -8.442409634590148926e-01
1.911192946135997772e-02 1.841743290424346924e-02 -7.366073131561279297e-01 -3.098230361938476562e-01 -4.373406469821929932e-01 8.442409634590148926e-01
-6.974656134843826294e-03 2.470817044377326965e-02 -6.658980250358581543e-01 -3.098230361938476562e-01 -4.373406469821929932e-01 8.442409634590148926e-01
-2.526853233575820923e-02 -1.743480563163757324e-01 -7.898601293563842773e-01 -9.507942199707031250e-01 1.425105482339859009e-01 -2.751019001007080078e-01
-1.926582865417003632e-02 -1.224465742707252502e-01 -7.750032544136047363e-01 9.507942199707031250e-01 -1.425105482339859009e-01 2.751019001007080078e-01
-1.679237000644207001e-02 -1.205972507596015930e-01 -7.476130127906799316e-01 3.098230361938476562e-01 4.373406469821929932e-01 -8.442409634590148926e-01
1.329069677740335464e-02 -2.966616302728652954e-02 -7.065672874450683594e-01 9.507942199707031250e-01 -1.425105482339859009e-01 2.751019001007080078e-01
7.134846528060734272e-04 -2.518400549888610840e-01 -8.063363432884216309e-01 -3.098230361938476562e-01 -4.373406469821929932e-01 8.442409634590148926e-01
-4.386057145893573761e-03 2.648239396512508392e-02 -7.410528063774108887e-01 -3.098230361938476562e-01 -4.373406469821929932e-01 8.442409634590148926e-01
-2.150549180805683136e-02 4.997438564896583557e-02 -6.581419706344604492e-01 -3.098230361938476562e-01 -4.373406469821929932e-01 8.442409634590148926e-01
-8.323817513883113861e-03 8.565690368413925171e-02 -6.376596689224243164e-01 3.098230361938476562e-01 4.373406469821929932e-01 -8.442409634590148926e-01
1.067233737558126450e-02 -3.610275685787200928e-02 -7.095689177513122559e-01 -9.507942199707031250e-01 1.425105482339859009e-01 -2.751019001007080078e-01
1.109344977885484695e-02 -2.232288569211959839e-01 -7.992441654205322266e-01 9.507942199707031250e-01 -1.425105482339859009e-01 2.751019001007080078e-01
-2.814766392111778259e-02 2.072197645902633667e-01 -5.791220068931579590e-01 -3.098230361938476562e-01 -4.373406469821929932e-01 8.442409634590148926e-01
6.771431770175695419e-03 -2.308474481105804443e-01 -8.632872104644775391e-01 4.059764396102082389e-17 8.879323601722717285e-01 4.599740207195281982e-01
7.244195323437452316e-03 9.365962445735931396e-02 -6.305001378059387207e-01 -9.507942199707031250e-01 1.425105482339859009e-01 -2.751019001007080078e-01
2.903650747612118721e-03 2.447295784950256348e-01 -5.826201438903808594e-01 4.059764396102082389e-17 8.879323601722717285e-01 4.599740207195281982e-01
-2.671770565211772919e-02 1.039338647387921810e-03 -6.939959526062011719e-01 -9.507942199707031250e-01 1.425105482339859009e-01 -2.751019001007080078e-01
2.665660344064235687e-02 -1.833186894655227661e-01 -8.323582410812377930e-01 9.507942199707031250e-01 -1.425105482339859009e-01 2.751019001007080078e-01
5.159187130630016327e-03 -2.474398314952850342e-01 -8.442875146865844727e-01 -4.059764396102082389e-17 -8.879323601722717285e-01 -4.599740207195281982e-01
-1.574037969112396240e-02 1.270999163389205933e-01 -6.579155921936035156e-01 9.507942199707031250e-01 -1.425105482339859009e-01 2.751019001007080078e-01
2.506269514560699463e-02 -1.318371593952178955e-01 -8.088973164558410645e-01 -9.507942199707031250e-01 1.425105482339859009e-01 -2.751019001007080078e-01
-1.591007225215435028e-02 6.875125318765640259e-02 -6.492013335227966309e-01 3.098230361938476562e-01 4.373406469821929932e-01 -8.442409634590148926e-01
-2.188142389059066772e-02 -2.418543100357055664e-01 -8.242955207824707031e-01 4.047558456659317017e-02 -8.231879472732543945e-01 -5.663243532180786133e-01
1.188698690384626389e-02 4.544590041041374207e-02 -6.715223789215087891e-01 -9.507942199707031250e-01 1.425105482339859009e-01 -2.751019001007080078e-01
-1.483707502484321594e-02 -1.229573115706443787e-01 -7.905742526054382324e-01 9.507942199707031250e-01 -1.425105482339859009e-01 2.751019001007080078e-01
8.114752359688282013e-03 -2.487255483865737915e-01 -8.021573424339294434e-01 9.507942199707031250e-01 -1.425105482339859009e-01 2.751019001007080078e-01
2.076310571283102036e-03 -1.040897369384765625e-01 -8.091603517532348633e-01 3.098230361938476562e-01 4.373406469821929932e-01 -8.442409634590148926e-01
-9.414698928594589233e-03 -1.735025197267532349e-01 -8.442153930664062500e-01 -9.507942199707031250e-01 1.425105482339859009e-01 -2.751019001007080078e-01
1.309771183878183365e-02 -2.378614246845245361e-01 -8.497474789619445801e-01 4.059764396102082389e-17 8.879323601722717285e-01 4.599740207195281982e-01
2.051173523068428040e-02 -1.163317169994115829e-02 -7.308994531631469727e-01 -9.507942199707031250e-01 1.425105482339859009e-01 -2.751019001007080078e-01
-1.821227953769266605e-03 1.011000275611877441e-01 -6.244336366653442383e-01 -3.098230361938476562e-01 -4.373406469821929932e-01 8.442409634590148926e-01
2.760492637753486633e-02 -1.476039290428161621e-01 -8.171365857124328613e-01 9.507942199707031250e-01 -1.425105482339859009e-01 2.751019001007080078e-01
5.946881603449583054e-03 -1.211090087890625000e-01 -7.395331263542175293e-01 3.098230361938476562e-01 4.373406469821929932e-01 -8.442409634590148926e-01
9.866692125797271729e-03 9.769046306610107422e-02 -6.374757885932922363e-01 -9.507942199707031250e-01 1.425105482339859009e-01 -2.751019001007080078e-01
-2.902122447267174721e-03 -5.076490715146064758e-02 -7.063403725624084473e-01 3.098230361938476562e-01 4.373406469821929932e-01 -8.442409634590148926e-01
1.504316646605730057e-02 -3.111573634669184685e-03 -7.075847983360290527e-01 -9.507942199707031250e-01 1.425105482339859009e-01 -2.751019001007080078e-01
-2.708915388211607933e-03 -2.454837113618850708e-01 -8.480635881423950195e-01 -4.059764396102082389e-17 -8.879323601722717285e-01 -4.599740207195281982e-01
9.578979574143886566e-03 -1.760054975748062134e-01 -8.408223390579223633e-01 -3.098230361938476562e-01 -4.373406469821929932e-01 8.442409634590148926e-01
8.443589322268962860e-03 1.923907995223999023e-01 -6.503993272781372070e-01 -3.098230361938476562e-01 -4.373406469821929932e-01 8.442409634590148926e-01
-8.518887683749198914e-03 -1.579350829124450684e-01 -8.305303454399108887e-01 9.507942199707031250e-01 -1.425105482339859009e-01 2.751019001007080078e-01
4.496005363762378693e-03 1.047746315598487854e-01 -6.972356438636779785e-01 -3.098230361938476562e-01 -4.373406469821929932e-01 8.442409634590148926e-01
1.341450307518243790e-02 1.652915030717849731e-01 -6.654523611068725586e-01 3.098230361938476562e-01 4.373406469821929932e-01 -8.442409634590148926e-01
1.646012067794799805e-02 1.206056401133537292e-01 -6.396762728691101074e-01 9.507942199707031250e-01 -1.425105482339859009e-01 2.751019001007080078e-01
-2.010406740009784698e-02 -2.138752490282058716e-01 -8.281854987144470215e-01 -9.507942199707031250e-01 1.425105482339859009e-01 -2.751019001007080078e-01
1.127768773585557938e-02 2.390753179788589478e-01 -5.717051625251770020e-01 4.059764396102082389e-17 8.879323601722717285e-01 4.599740207195281982e-01
2.372894808650016785e-02 1.214570477604866028e-01 -6.843745708465576172e-01 3.098230361938476562e-01 4.373406469821929932e-01 -8.442409634590148926e-01
-3.925088327378034592e-03 2.970757707953453064e-02 -6.621890068054199219e-01 -3.098230361938476562e-01 -4.373406469821929932e-01 8.442409634590148926e-01
-1.153247896581888199e-02 -1.247268319129943848e-01 -7.449821829795837402e-01 -3.098230361938476562e-01 -4.373406469821929932e-01 8.442409634590148926e-01
2.518222667276859283e-02 -2.261615544557571411e-01 -8.528191447257995605e-01 1.885613352060317993e-01 -4.383776485919952393e-01 -8.787887692451477051e-01
1.033391989767551422e-02 -1.078398376703262329e-01 -8.052335381507873535e-01 -3.098230361938476562e-01 -4.373406469821929932e-01 8.442409634590148926e-01
1.802272722125053406e-02 -1.947601139545440674e-01 -8.502780795097351074e-01 3.098230361938476562e-01 4.373406469821929932e-01 -8.442409634590148926e-01
1.462185010313987732e-02 -7.480623573064804077e-02 -7.865476012229919434e-01 -3.098230361938476562e-01 -4.373406469821929932e-01 8.442409634590148926e-01
-8.431647904217243195e-03 2.383116036653518677e-01 -6.255649328231811523e-01 9.507942199707031250e-01 -1.425105482339859009e-01 2.751019001007080078e-01
2.210758626461029053e-02 1.204355284571647644e-01 -6.592828631401062012e-01 9.507942199707031250e-01 -1.425105482339859009e-01 2.751019001007080078e-01
-2.238861471414566040e-02 -2.257740795612335205e-01 -8.795953392982482910e-01 -4.059764396102082389e-17 -8.879323601722717285e-01 -4.599740207195281982e-01
