8.468987047672271729e-02 -2.264978438615798950e-01 -7.182445526123046875e-01 3.279712895257630998e-17 8.924197554588317871e-01 4.512061178684234619e-01
3.556377813220024109e-02 -3.842249885201454163e-02 -8.006470203399658203e-01 -3.050177395343780518e-01 -4.297046363353729248e-01 8.498929738998413086e-01
-7.154191285371780396e-02 -1.927679032087326050e-02 -6.361343264579772949e-01 9.523466825485229492e-01 -1.376258581876754761e-01 2.722038626670837402e-01
-5.442616716027259827e-02 -1.755269318819046021e-01 -8.190575838088989258e-01 3.279712895257630998e-17 8.924197554588317871e-01 4.512061178684234619e-01
5.429973360151052475e-03 1.123295500874519348e-01 -6.872684955596923828e-01 3.041665256023406982e-01 4.951288700103759766e-01 -8.138365745544433594e-01
1.265808939933776855e-01 -5.959900841116905212e-02 -7.413966655731201172e-01 -9.523466825485229492e-01 1.376258581876754761e-01 -2.722038626670837402e-01
-1.423003966920077801e-03 5.950980633497238159e-02 -7.644067406654357910e-01 -3.050177395343780518e-01 -4.297046363353729248e-01 8.498929738998413086e-01
7.523843646049499512e-02 4.256730526685714722e-02 -5.101121068000793457e-01 -9.523466825485229492e-01 1.376258581876754761e-01 -2.722038626670837402e-01
6.671931594610214233e-02 -7.269558310508728027e-02 -8.133270740509033203e-01 -3.050177395343780518e-01 -4.297046363353729248e-01 8.498929738998413086e-01
-8.691520988941192627e-02 -2.462073564529418945e-01 -6.792620420455932617e-01 3.279712895257630998e-17 8.924197554588317871e-01 4.512061178684234619e-01
1.042397916316986084e-01 1.114438846707344055e-01 -7.002276778221130371e-01 -3.050177395343780518e-01 -4.297046363353729248e-01 8.498929738998413086e-01
-2.761443145573139191e-02 -6.368874013423919678e-02 -5.733776688575744629e-01 3.050177395343780518e-01 4.297046363353729248e-01 -8.498929738998413086e-01
7.378786802291870117e-03 -7.336682081222534180e-02 -7.712914943695068359e-01 6.699362993240356445e-01 5.374611616134643555e-01 5.121726989746093750e-01
9.625082463026046753e-02 6.163913640193641186e-04 -6.048374772071838379e-01 -9.523466825485229492e-01 1.376258581876754761e-01 -2.722038626670837402e-01
-1.361622381955385208e-02 2.230094186961650848e-02 -7.875955104827880859e-01 -3.050177395343780518e-01 -4.297046363353729248e-01 8.498929738998413086e-01
5.580724775791168213e-02 2.314858287572860718e-01 -6.040320396423339844e-01 -3.279712895257630998e-17 -8.924197554588317871e-01 -4.512061178684234619e-01
-3.089898964390158653e-03 -8.874019235372543335e-02 -7.414662837982177734e-01 6.699362993240356445e-01 5.374611616134643555e-01 5.121726989746093750e-01
-3.854178264737129211e-02 2.141964584589004517e-01 -7.060520052909851074e-01 -3.050177395343780518e-01 -4.297046363353729248e-01 8.498929738998413086e-01
4.774027504026889801e-03 1.817761957645416260e-01 -7.003650069236755371e-01 -3.050177395343780518e-01 -4.297046363353729248e-01 8.498929738998413086e-01
1.068223863840103149e-01 -6.586447358131408691e-02 -6.754363179206848145e-01 -9.523466825485229492e-01 1.376258581876754761e-01 -2.722038626670837402e-01
8.453699946403503418e-02 9.952785819768905640e-02 -5.138453841209411621e-01 -9.523466825485229492e-01 1.376258581876754761e-01 -2.722038626670837402e-01
7.627551257610321045e-02 -2.073319852352142334e-01 -6.400891542434692383e-01 -9.523466825485229492e-01 1.376258581876754761e-01 -2.722038626670837402e-01
-3.866018727421760559e-02 1.324219852685928345e-01 -7.296170592308044434e-01 3.016577661037445068e-01 5.570667982101440430e-01 -7.737435698509216309e-01
-1.196906622499227524e-02 -2.120674699544906616e-01 -6.687579154968261719e-01 -3.279712895257630998e-17 -8.924197554588317871e-01 -4.512061178684234619e-01
-3.571631014347076416e-02 1.185791566967964172e-01 -7.533819079399108887e-01 -3.050177395343780518e-01 -4.297046363353729248e-01 8.498929738998413086e-01
-4.299136996269226074e-02 2.652534842491149902e-01 -6.593931317329406738e-01 -3.279712895257630998e-17 -8.924197554588317871e-01 -4.512061178684234619e-01
5.801481893286108971e-04 -1.177146509289741516e-01 -8.553740382194519043e-01 -3.279712895257630998e-17 -8.924197554588317871e-01 -4.512061178684234619e-01
-9.307423979043960571e-02 -2.114152014255523682e-01 -7.480758428573608398e-01 3.279712895257630998e-17 8.924197554588317871e-01 4.512061178684234619e-01
4.296876862645149231e-02 -1.931618005037307739e-01 -6.921344995498657227e-01 -6.699299216270446777e-01 -5.374680161476135254e-01 -5.121738910675048828e-01
3.503936529159545898e-02 2.418455481529235840e-01 -6.245220303535461426e-01 -3.279712895257630998e-17 -8.924197554588317871e-01 -4.512061178684234619e-01
1.350231915712356567e-01 1.630452871322631836e-01 -6.583647131919860840e-01 -9.523466825485229492e-01 1.376258581876754761e-01 -2.722038626670837402e-01
6.805868819355964661e-03 2.392242699861526489e-01 -6.705901026725769043e-01 -3.050177395343780518e-01 -4.297046363353729248e-01 8.498929738998413086e-01
-3.196813538670539856e-02 -1.494818925857543945e-01 -7.925430536270141602e-01 -3.279712895257630998e-17 -8.924197554588317871e-01 -4.512061178684234619e-01
3.442593663930892944e-02 9.062356501817703247e-02 -4.730919599533081055e-01 3.050177395343780518e-01 4.297046363353729248e-01 -8.498929738998413086e-01
-9.740940481424331665e-02 -3.110128082334995270e-02 -6.785780191421508789e-01 6.699362993240356445e-01 5.374611616134643555e-01 5.121726989746093750e-01
1.201762333512306213e-01 1.551069971174001694e-02 -6.810136437416076660e-01 -9.523466825485229492e-01 1.376258581876754761e-01 -2.722038626670837402e-01
-9.362198412418365479e-02 4.441472142934799194e-02 -5.505742430686950684e-01 -3.030644655227661133e-01 -3.261195123195648193e-01 8.954316973686218262e-01
3.335587307810783386e-02 1.277527511119842529e-01 -6.379883289337158203e-01 -2.296689003705978394e-01 -9.108163714408874512e-01 3.430242538452148438e-01
3.487144596874713898e-03 1.307514905929565430e-01 -5.977805852890014648e-01 -2.046761289238929749e-02 -9.192427992820739746e-01 -3.931587040424346924e-01
-1.327919890172779560e-03 2.235598163679242134e-03 -6.026849746704101562e-01 -1.989807039499282837e-01 -9.566960930824279785e-01 2.124602049589157104e-01
1.005519479513168335e-01 1.380564272403717041e-01 -5.503961443901062012e-01 -9.523466825485229492e-01 1.376258581876754761e-01 -2.722038626670837402e-01
-4.467473179101943970e-02 1.092778369784355164e-01 -4.920487999916076660e-01 3.050177395343780518e-01 4.297046363353729248e-01 -8.498929738998413086e-01
-4.913661256432533264e-02 1.158202588558197021e-01 -5.552117824554443359e-01 -2.177379429340362549e-01 3.182110786437988281e-01 9.226764440536499023e-01
5.277222022414207458e-02 -1.325477808713912964e-01 -5.793427824974060059e-01 3.050177395343780518e-01 4.297046363353729248e-01 -8.498929738998413086e-01
-1.488326210528612137e-02 1.353109488263726234e-03 -5.359235405921936035e-01 3.050177395343780518e-01 4.297046363353729248e-01 -8.498929738998413086e-01
-3.787606954574584961e-03 7.126577198505401611e-02 -7.593116164207458496e-01 -3.050177395343780518e-01 -4.297046363353729248e-01 8.498929738998413086e-01
-7.208031415939331055e-02 -2.178712487220764160e-01 -7.353067398071289062e-01 3.279712895257630998e-17 8.924197554588317871e-01 4.512061178684234619e-01
-2.972719445824623108e-02 9.079356491565704346e-02 -5.673834681510925293e-01 2.533172667026519775e-01 -1.402245908975601196e-01 -9.571663737297058105e-01
3.656429424881935120e-02 -2.208758294582366943e-01 -7.293640971183776855e-01 3.279712895257630998e-17 8.924197554588317871e-01 4.512061178684234619e-01
-1.026266142725944519e-01 1.162344291806221008e-01 -5.490967631340026855e-01 -2.452301532030105591e-01 1.851983666419982910e-01 9.516111016273498535e-01
-6.274309009313583374e-02 1.412009894847869873e-01 -5.759223699569702148e-01 -8.176700770854949951e-02 7.445638179779052734e-01 6.625247001647949219e-01
2.161263115704059601e-02 1.331644654273986816e-01 -6.121186614036560059e-01 -9.854474663734436035e-02 -9.833896756172180176e-01 -1.524265259504318237e-01
-1.337143126875162125e-02 2.105599045753479004e-01 -5.626436471939086914e-01 -3.279712895257630998e-17 -8.924197554588317871e-01 -4.512061178684234619e-01
5.122246965765953064e-02 5.018916353583335876e-02 -7.502253651618957520e-01 -3.050177395343780518e-01 -4.297046363353729248e-01 8.498929738998413086e-01
7.950312644243240356e-02 -2.291917800903320312e-01 -7.129163742065429688e-01 3.279712895257630998e-17 8.924197554588317871e-01 4.512061178684234619e-01
4.873139783740043640e-02 -1.409800499677658081e-01 -8.533737063407897949e-01 -3.050177395343780518e-01 -4.297046363353729248e-01 8.498929738998413086e-01
8.395940996706485748e-03 1.206479668617248535e-01 -6.810995340347290039e-01 3.041665256023406982e-01 4.951288700103759766e-01 -8.138365745544433594e-01
-5.871305614709854126e-02 1.526224911212921143e-01 -4.751720130443572998e-01 3.050177395343780518e-01 4.297046363353729248e-01 -8.498929738998413086e-01
-6.962834298610687256e-02 -7.398316264152526855e-02 -6.699170470237731934e-01 6.699362993240356445e-01 5.374611616134643555e-01 5.121726989746093750e-01
1.054864451289176941e-01 2.628741320222616196e-03 -6.361322402954101562e-01 -9.523466825485229492e-01 1.376258581876754761e-01 -2.722038626670837402e-01
-3.852059319615364075e-02 2.505255341529846191e-01 -6.416897773742675781e-01 -3.279712895257630998e-17 -8.924197554588317871e-01 -4.512061178684234619e-01
7.294234633445739746e-02 -1.609066873788833618e-01 -8.479743003845214844e-01 3.279712895257630998e-17 8.924197554588317871e-01 4.512061178684234619e-01
-4.861708730459213257e-02 3.041638620197772980e-02 -5.688305497169494629e-01 9.523466825485229492e-01 -1.376258581876754761e-01 2.722038626670837402e-01
-6.723801046609878540e-02 -2.395540662109851837e-02 -7.255416512489318848e-01 6.699362993240356445e-01 5.374611616134643555e-01 5.121726989746093750e-01
1.306922733783721924e-01 1.052746400237083435e-01 -6.938533186912536621e-01 -3.050177395343780518e-01 -4.297046363353729248e-01 8.498929738998413086e-01
-9.276553988456726074e-03 5.647203698754310608e-02 -6.663393974304199219e-01 9.523466825485229492e-01 -1.376258581876754761e-01 2.722038626670837402e-01
-1.305925399065017700e-01 -2.914682962000370026e-02 -5.904225111007690430e-01 9.523466825485229492e-01 -1.376258581876754761e-01 2.722038626670837402e-01
1.168758571147918701e-01 2.310839891433715820e-01 -6.032372713088989258e-01 -3.279712895257630998e-17 -8.924197554588317871e-01 -4.512061178684234619e-01
-5.607172474265098572e-02 -1.037026345729827881e-01 -6.564627885818481445e-01 6.699362993240356445e-01 5.374611616134643555e-01 5.121726989746093750e-01
5.539075285196304321e-02 1.837530285120010376e-01 -5.096235275268554688e-01 -3.279712895257630998e-17 -8.924197554588317871e-01 -4.512061178684234619e-01
-6.504024565219879150e-02 -1.889865994453430176e-01 -7.924363017082214355e-01 3.279712895257630998e-17 8.924197554588317871e-01 4.512061178684234619e-01
-8.653842657804489136e-02 -2.005902081727981567e-01 -6.914582848548889160e-01 -3.279712895257630998e-17 -8.924197554588317871e-01 -4.512061178684234619e-01
3.013974428176879883e-02 -1.296669244766235352e-02 -7.897232174873352051e-01 -3.050177395343780518e-01 -4.297046363353729248e-01 8.498929738998413086e-01
-2.478899247944355011e-02 2.491738181561231613e-03 -8.081538081169128418e-01 -3.050177395343780518e-01 -4.297046363353729248e-01 8.498929738998413086e-01
-3.038526885211467743e-02 -2.204367220401763916e-01 -7.302325963973999023e-01 3.279712895257630998e-17 8.924197554588317871e-01 4.512061178684234619e-01
-3.273189812898635864e-02 -2.137069851160049438e-01 -7.435430288314819336e-01 3.279712895257630998e-17 8.924197554588317871e-01 4.512061178684234619e-01
-5.165402963757514954e-02 2.325659394264221191e-01 -7.014702558517456055e-01 -3.050177395343780518e-01 -4.297046363353729248e-01 8.498929738998413086e-01
5.967645347118377686e-02 2.130913287401199341e-01 -5.676504373550415039e-01 -3.279712895257630998e-17 -8.924197554588317871e-01 -4.512061178684234619e-01
1.278461422771215439e-02 1.275012046098709106e-01 -5.906648039817810059e-01 -2.046761289238929749e-02 -9.192427992820739746e-01 -3.931587040424346924e-01
1.115473806858062744e-01 1.720518618822097778e-01 -5.716772675514221191e-01 -9.523466825485229492e-01 1.376258581876754761e-01 -2.722038626670837402e-01
-2.766686864197254181e-02 1.767548918724060059e-02 -5.813916921615600586e-01 -2.520319819450378418e-01 -8.577147126197814941e-01 4.481130540370941162e-01
1.291636377573013306e-01 -1.443079710006713867e-01 -8.261899948120117188e-01 -3.050177395343780518e-01 -4.297046363353729248e-01 8.498929738998413086e-01
-8.848857879638671875e-02 7.933833636343479156e-03 -5.759999752044677734e-01 -2.796939611434936523e-01 -7.500526905059814453e-01 5.993264913558959961e-01
-3.020345699042081833e-03 1.397177726030349731e-01 -6.647357940673828125e-01 2.520360350608825684e-01 8.577030897140502930e-01 -4.481331110000610352e-01
-6.720846146345138550e-02 -3.776522353291511536e-02 -5.744806528091430664e-01 3.050177395343780518e-01 4.297046363353729248e-01 -8.498929738998413086e-01
-6.222639605402946472e-02 6.459097564220428467e-02 -7.822181582450866699e-01 9.523466825485229492e-01 -1.376258581876754761e-01 2.722038626670837402e-01
-7.298916578292846680e-02 1.328975707292556763e-02 -7.571032643318176270e-01 6.699362993240356445e-01 5.374611616134643555e-01 5.121726989746093750e-01
-1.182713136076927185e-01 3.312869928777217865e-03 -5.956821441650390625e-01 -2.796939611434936523e-01 -7.500526905059814453e-01 5.993264913558959961e-01
-4.387181624770164490e-02 -1.697198599576950073e-01 -8.305431604385375977e-01 3.279712895257630998e-17 8.924197554588317871e-01 4.512061178684234619e-01
3.971340134739875793e-03 1.353959739208221436e-01 -6.151098012924194336e-01 -9.854474663734436035e-02 -9.833896756172180176e-01 -1.524265259504318237e-01
1.202450767159461975e-01 -1.734292209148406982e-01 -7.767822146415710449e-01 -9.523466825485229492e-01 1.376258581876754761e-01 -2.722038626670837402e-01
1.114048957824707031e-01 -2.045175880193710327e-01 -7.617182731628417969e-01 3.279712895257630998e-17 8.924197554588317871e-01 4.512061178684234619e-01
-5.733193829655647278e-02 -9.796232916414737701e-03 -6.849578619003295898e-01 -3.446298092603683472e-02 -9.352561235427856445e-01 -3.522900938987731934e-01
1.511332672089338303e-02 -2.538965940475463867e-01 -6.465119123458862305e-01 3.050177395343780518e-01 4.297046363353729248e-01 -8.498929738998413086e-01
9.712672978639602661e-02 1.307674944400787354e-01 -5.420977473258972168e-01 -9.523466825485229492e-01 1.376258581876754761e-01 -2.722038626670837402e-01
-2.938152104616165161e-02 -1.060657650232315063e-01 -6.888951659202575684e-01 6.699362993240356445e-01 5.374611616134643555e-01 5.121726989746093750e-01
5.616446584463119507e-02 -3.872695192694664001e-02 -7.934075593948364258e-01 -3.050177395343780518e-01 -4.297046363353729248e-01 8.498929738998413086e-01
9.286204352974891663e-03 1.470040529966354370e-01 -6.385779976844787598e-01 1.989747732877731323e-01 9.567025899887084961e-01 -2.124361693859100342e-01
8.488662540912628174e-02 -9.899679571390151978e-02 -6.154423952102661133e-01 -9.523466825485229492e-01 1.376258581876754761e-01 -2.722038626670837402e-01
6.892158091068267822e-02 -1.160882785916328430e-02 -5.154029726982116699e-01 -9.523466825485229492e-01 1.376258581876754761e-01 -2.722038626670837402e-01
1.058404222130775452e-01 7.848317176103591919e-02 -5.990188121795654297e-01 -9.523466825485229492e-01 1.376258581876754761e-01 -2.722038626670837402e-01
-5.303391441702842712e-02 2.729896605014801025e-01 -6.815273165702819824e-01 -3.050177395343780518e-01 -4.297046363353729248e-01 8.498929738998413086e-01
1.638021320104598999e-02 -1.474956572055816650e-01 -7.964715361595153809e-01 -3.279712895257630998e-17 -8.924197554588317871e-01 -4.512061178684234619e-01
1.162994951009750366e-01 1.224474906921386719e-01 -6.133831739425659180e-01 -9.523466825485229492e-01 1.376258581876754761e-01 -2.722038626670837402e-01
1.050248444080352783e-01 1.487507373094558716e-01 -5.606382489204406738e-01 -9.523466825485229492e-01 1.376258581876754761e-01 -2.722038626670837402e-01
-4.326827079057693481e-02 6.207987293601036072e-02 -7.846581935882568359e-01 -3.050177395343780518e-01 -4.297046363353729248e-01 8.498929738998413086e-01
8.251480013132095337e-02 -1.402024626731872559e-01 -7.994359731674194336e-01 -6.699299216270446777e-01 -5.374680161476135254e-01 -5.121738910675048828e-01
9.024813026189804077e-02 -4.720884189009666443e-02 -6.080164909362792969e-01 -9.523466825485229492e-01 1.376258581876754761e-01 -2.722038626670837402e-01
-1.218931600451469421e-01 1.987452991306781769e-02 -5.570304989814758301e-01 3.050177395343780518e-01 4.297046363353729248e-01 -8.498929738998413086e-01
-2.693015383556485176e-03 4.887223243713378906e-02 -5.504326224327087402e-01 9.523466825485229492e-01 -1.376258581876754761e-01 2.722038626670837402e-01
2.746136672794818878e-02 -1.405178755521774292e-01 -5.905173420906066895e-01 -4.366931915283203125e-01 8.561756610870361328e-01 2.761565148830413818e-01
1.974128931760787964e-02 2.457943856716156006e-01 -6.323322653770446777e-01 -3.279712895257630998e-17 -8.924197554588317871e-01 -4.512061178684234619e-01
-2.366691827774047852e-02 1.143645346164703369e-01 -4.819374978542327881e-01 3.050177395343780518e-01 4.297046363353729248e-01 -8.498929738998413086e-01
-8.162336051464080811e-02 2.420381456613540649e-02 -5.788791179656982422e-01 9.523466825485229492e-01 -1.376258581876754761e-01 2.722038626670837402e-01
8.995047956705093384e-02 -2.983151189982891083e-02 -5.981891751289367676e-01 -9.523466825485229492e-01 1.376258581876754761e-01 -2.722038626670837402e-01
6.609825789928436279e-02 -1.129972562193870544e-01 -8.065113425254821777e-01 6.699298620223999023e-01 5.374679565429687500e-01 5.121738314628601074e-01
-1.012579575181007385e-01 1.425250619649887085e-01 -4.955461621284484863e-01 3.050177395343780518e-01 4.297046363353729248e-01 -8.498929738998413086e-01
1.305123865604400635e-01 -1.665125787258148193e-01 -8.092069029808044434e-01 -9.523466825485229492e-01 1.376258581876754761e-01 -2.722038626670837402e-01
2.233344130218029022e-02 1.884937584400177002e-01 -5.189999938011169434e-01 -3.279712895257630998e-17 -8.924197554588317871e-01 -4.512061178684234619e-01
5.028560291975736618e-03 4.802529513835906982e-02 -6.907477378845214844e-01 1.717992573976516724e-01 -4.953700602054595947e-01 -8.515242338180541992e-01
2.129534259438514709e-02 -1.052151620388031006e-01 -7.560748457908630371e-01 6.699298620223999023e-01 5.374679565429687500e-01 5.121738314628601074e-01
6.419049203395843506e-02 -1.746331602334976196e-01 -7.427975535392761230e-01 -3.279712895257630998e-17 -8.924197554588317871e-01 -4.512061178684234619e-01
-1.010707467794418335e-01 2.128993123769760132e-01 -5.713307857513427734e-01 9.523466825485229492e-01 -1.376258581876754761e-01 2.722038626670837402e-01
-1.829630509018898010e-02 1.856894418597221375e-02 -6.533871293067932129e-01 2.047802321612834930e-02 9.192553758621215820e-01 3.931286633014678955e-01
1.984742004424333572e-03 1.357188671827316284e-01 -6.329568624496459961e-01 -1.698997020721435547e-01 -9.805085659027099609e-01 9.867635369300842285e-02
2.811053581535816193e-02 -1.455726176500320435e-01 -5.728251338005065918e-01 -6.408516764640808105e-01 7.527487277984619141e-01 1.505936533212661743e-01
-6.398603320121765137e-02 1.177981570363044739e-01 -7.491602897644042969e-01 9.523466825485229492e-01 -1.376258581876754761e-01 2.722038626670837402e-01
7.429799437522888184e-02 2.330938130617141724e-01 -6.072124242782592773e-01 -3.279712895257630998e-17 -8.924197554588317871e-01 -4.512061178684234619e-01
-8.245025575160980225e-02 -4.269275069236755371e-02 -5.824421644210815430e-01 3.050177395343780518e-01 4.297046363353729248e-01 -8.498929738998413086e-01
-1.732418313622474670e-02 -1.742290109395980835e-01 -6.176401972770690918e-01 3.050177395343780518e-01 4.297046363353729248e-01 -8.498929738998413086e-01
-2.781714778393507004e-03 -1.720243841409683228e-01 -7.479573488235473633e-01 -3.279712895257630998e-17 -8.924197554588317871e-01 -4.512061178684234619e-01
6.564670056104660034e-02 -2.885634452104568481e-02 -5.222960114479064941e-01 3.050177395343780518e-01 4.297046363353729248e-01 -8.498929738998413086e-01
-1.699500158429145813e-02 -5.083920061588287354e-02 -7.630502581596374512e-01 6.699362993240356445e-01 5.374611616134643555e-01 5.121726989746093750e-01
7.656428962945938110e-02 -1.059360355138778687e-01 -5.898339152336120605e-01 -9.523466825485229492e-01 1.376258581876754761e-01 -2.722038626670837402e-01
2.976138517260551453e-02 -1.909603178501129150e-02 -7.929580211639404297e-01 -3.050177395343780518e-01 -4.297046363353729248e-01 8.498929738998413086e-01
1.495642401278018951e-02 -1.013365536928176880e-01 -7.518523931503295898e-01 6.699362993240356445e-01 5.374611616134643555e-01 5.121726989746093750e-01
5.846713855862617493e-02 -2.033341974020004272e-01 -7.640588879585266113e-01 3.279712895257630998e-17 8.924197554588317871e-01 4.512061178684234619e-01
5.713864415884017944e-02 1.571650505065917969e-01 -4.570364058017730713e-01 -3.279712895257630998e-17 -8.924197554588317871e-01 -4.512061178684234619e-01
-6.036574766039848328e-02 1.955993175506591797e-01 -7.224903106689453125e-01 9.523466825485229492e-01 -1.376258581876754761e-01 2.722038626670837402e-01
9.968368709087371826e-02 -1.886762231588363647e-01 -7.125539183616638184e-01 -9.523466825485229492e-01 1.376258581876754761e-01 -2.722038626670837402e-01
-2.939651161432266235e-02 3.572604432702064514e-02 -7.864711880683898926e-01 -3.050177395343780518e-01 -4.297046363353729248e-01 8.498929738998413086e-01
-3.727220371365547180e-02 7.500049471855163574e-02 -7.696303725242614746e-01 -9.523466825485229492e-01 1.376258581876754761e-01 -2.722038626670837402e-01
-5.600931122899055481e-03 -1.835862100124359131e-01 -6.386522650718688965e-01 6.699362993240356445e-01 5.374611616134643555e-01 5.121726989746093750e-01
7.132619619369506836e-02 -2.270246893167495728e-01 -7.172025442123413086e-01 3.279712895257630998e-17 8.924197554588317871e-01 4.512061178684234619e-01
1.043645888566970825e-01 -2.070697844028472900e-01 -7.566704154014587402e-01 3.279712895257630998e-17 8.924197554588317871e-01 4.512061178684234619e-01
8.634722977876663208e-02 1.083979085087776184e-01 -5.156940221786499023e-01 -9.523466825485229492e-01 1.376258581876754761e-01 -2.722038626670837402e-01
-8.986167609691619873e-02 -1.847723722457885742e-01 -7.227436900138854980e-01 -3.279712895257630998e-17 -8.924197554588317871e-01 -4.512061178684234619e-01
9.663261473178863525e-02 -9.994930773973464966e-02 -6.570190787315368652e-01 -9.523466825485229492e-01 1.376258581876754761e-01 -2.722038626670837402e-01
-5.290853604674339294e-02 -6.132123060524463654e-03 -7.629891037940979004e-01 6.699362993240356445e-01 5.374611616134643555e-01 5.121726989746093750e-01
9.114368259906768799e-02 9.835696965456008911e-02 -5.375518798828125000e-01 -9.523466825485229492e-01 1.376258581876754761e-01 -2.722038626670837402e-01
1.034168526530265808e-01 -2.586452476680278778e-02 -7.699459791183471680e-01 -3.050177395343780518e-01 -4.297046363353729248e-01 8.498929738998413086e-01
1.265101283788681030e-01 -8.107288926839828491e-02 -7.520062327384948730e-01 -9.523466825485229492e-01 1.376258581876754761e-01 -2.722038626670837402e-01
9.933156892657279968e-03 1.763044893741607666e-01 -7.012799382209777832e-01 -3.050177395343780518e-01 -4.297046363353729248e-01 8.498929738998413086e-01
3.506304323673248291e-02 6.880585104227066040e-02 -6.780593991279602051e-01 -2.533239424228668213e-01 1.401860862970352173e-01 9.571703076362609863e-01
8.906483650207519531e-02 -1.284963637590408325e-01 -6.449754238128662109e-01 -9.523466825485229492e-01 1.376258581876754761e-01 -2.722038626670837402e-01
1.275559663772583008e-01 -1.817911714315414429e-01 -8.066678047180175781e-01 3.279712895257630998e-17 8.924197554588317871e-01 4.512061178684234619e-01
-6.912478059530258179e-02 1.884113848209381104e-01 -6.583108901977539062e-01 1.813790947198867798e-01 9.730153679847717285e-01 -1.426272839307785034e-01
-1.180333178490400314e-02 -1.795881092548370361e-01 -8.110251426696777344e-01 3.279712895257630998e-17 8.924197554588317871e-01 4.512061178684234619e-01
-1.200807001441717148e-02 8.994012326002120972e-02 -6.398614048957824707e-01 9.523466825485229492e-01 -1.376258581876754761e-01 2.722038626670837402e-01
5.425137653946876526e-02 2.443347275257110596e-01 -6.294453144073486328e-01 -3.279712895257630998e-17 -8.924197554588317871e-01 -4.512061178684234619e-01
9.489732235670089722e-02 4.300492350012063980e-03 -5.982393622398376465e-01 -9.523466825485229492e-01 1.376258581876754761e-01 -2.722038626670837402e-01
3.378599509596824646e-02 -1.390277892351150513e-01 -8.577503561973571777e-01 -3.050177395343780518e-01 -4.297046363353729248e-01 8.498929738998413086e-01
2.367563359439373016e-02 5.641329661011695862e-02 -7.569646835327148438e-01 -3.050177395343780518e-01 -4.297046363353729248e-01 8.498929738998413086e-01
-2.213037945330142975e-02 1.770170778036117554e-02 -6.409705877304077148e-01 9.523466825485229492e-01 -1.376258581876754761e-01 2.722038626670837402e-01
2.852746471762657166e-02 -1.715742349624633789e-01 -7.488476634025573730e-01 -3.279712895257630998e-17 -8.924197554588317871e-01 -4.512061178684234619e-01
-7.150936126708984375e-02 -1.390620321035385132e-01 -8.476080298423767090e-01 9.523466825485229492e-01 -1.376258581876754761e-01 2.722038626670837402e-01
-6.939993798732757568e-02 2.256046384572982788e-01 -5.827042460441589355e-01 -9.510392546653747559e-01 1.394543200731277466e-01 -2.758202850818634033e-01
7.068660855293273926e-02 -5.693711712956428528e-02 -5.444961190223693848e-01 -9.523466825485229492e-01 1.376258581876754761e-01 -2.722038626670837402e-01
5.866857618093490601e-02 2.610554546117782593e-02 -7.597296833992004395e-01 -3.050177395343780518e-01 -4.297046363353729248e-01 8.498929738998413086e-01
7.225731760263442993e-02 -2.352131307125091553e-01 -7.010070085525512695e-01 3.279712895257630998e-17 8.924197554588317871e-01 4.512061178684234619e-01
-2.253765985369682312e-02 1.324474811553955078e-01 -6.980185508728027344e-01 2.938558757305145264e-01 6.531903743743896484e-01 -6.978475451469421387e-01
1.550082489848136902e-02 -1.514289677143096924e-01 -5.718637704849243164e-01 -2.027848809957504272e-01 9.012589454650878906e-01 3.828977942466735840e-01
-2.575933746993541718e-02 -1.610367298126220703e-01 -6.139975190162658691e-01 3.050177395343780518e-01 4.297046363353729248e-01 -8.498929738998413086e-01
-4.953150078654289246e-02 -3.839034214615821838e-02 -5.684526562690734863e-01 3.050177395343780518e-01 4.297046363353729248e-01 -8.498929738998413086e-01
-1.141695380210876465e-01 -2.768516726791858673e-02 -6.471418142318725586e-01 9.523466825485229492e-01 -1.376258581876754761e-01 2.722038626670837402e-01
2.635545469820499420e-02 2.332577258348464966e-01 -6.075366139411926270e-01 -3.279712895257630998e-17 -8.924197554588317871e-01 -4.512061178684234619e-01
1.184708178043365479e-01 2.361382357776165009e-02 -7.395270466804504395e-01 -3.050177395343780518e-01 -4.297046363353729248e-01 8.498929738998413086e-01
-1.907374523580074310e-02 7.738216221332550049e-02 -6.214903593063354492e-01 9.523466825485229492e-01 -1.376258581876754761e-01 2.722038626670837402e-01
-5.680772289633750916e-02 2.112655788660049438e-01 -7.140892744064331055e-01 -3.050177395343780518e-01 -4.297046363353729248e-01 8.498929738998413086e-01
-6.603828072547912598e-02 2.109634429216384888e-01 -6.948760151863098145e-01 9.523466825485229492e-01 -1.376258581876754761e-01 2.722038626670837402e-01
1.902361633256077766e-03 -1.612251996994018555e-01 -6.120986938476562500e-01 3.050177395343780518e-01 4.297046363353729248e-01 -8.498929738998413086e-01
-7.313215732574462891e-02 5.030205100774765015e-02 -7.433780431747436523e-01 1.899276673793792725e-01 -4.307320117950439453e-01 -8.822683095932006836e-01
4.451891034841537476e-02 -9.880440309643745422e-03 -5.202843546867370605e-01 3.050177395343780518e-01 4.297046363353729248e-01 -8.498929738998413086e-01
4.854139685630798340e-02 1.597386747598648071e-01 -6.957994699478149414e-01 -3.050177395343780518e-01 -4.297046363353729248e-01 8.498929738998413086e-01
-1.045568138360977173e-01 1.812835335731506348e-01 -5.751191377639770508e-01 9.523466825485229492e-01 -1.376258581876754761e-01 2.722038626670837402e-01
8.755024522542953491e-02 -1.427783980034291744e-03 -7.632851600646972656e-01 -3.050177395343780518e-01 -4.297046363353729248e-01 8.498929738998413086e-01
1.220627874135971069e-01 1.924404352903366089e-01 -5.981585979461669922e-01 -9.523466825485229492e-01 1.376258581876754761e-01 -2.722038626670837402e-01
7.318132370710372925e-02 -1.299177855253219604e-01 -5.901231765747070312e-01 -9.523466825485229492e-01 1.376258581876754761e-01 -2.722038626670837402e-01
-3.025329206138849258e-03 2.469988353550434113e-02 -6.628022193908691406e-01 -5.898913741111755371e-02 7.924685478210449219e-01 6.070533990859985352e-01
1.134900450706481934e-01 -1.883892118930816650e-01 -7.936178445816040039e-01 3.279712895257630998e-17 8.924197554588317871e-01 4.512061178684234619e-01
-3.582653775811195374e-02 7.159045338630676270e-02 -7.397084236145019531e-01 2.452315539121627808e-01 -1.851909160614013672e-01 -9.516122341156005859e-01
-2.717196382582187653e-02 1.970363855361938477e-01 -7.041145563125610352e-01 -3.050177395343780518e-01 -4.297046363353729248e-01 8.498929738998413086e-01
-2.728767320513725281e-02 9.228106588125228882e-03 -8.056446909904479980e-01 -3.050177395343780518e-01 -4.297046363353729248e-01 8.498929738998413086e-01
-7.160800043493509293e-03 2.218197286128997803e-01 -6.844023466110229492e-01 -3.050177395343780518e-01 -4.297046363353729248e-01 8.498929738998413086e-01
2.106512151658535004e-02 -9.232041984796524048e-02 -7.693047523498535156e-01 6.699362993240356445e-01 5.374611616134643555e-01 5.121726989746093750e-01
-2.545698918402194977e-02 1.696320772171020508e-01 -4.816943407058715820e-01 -3.279712895257630998e-17 -8.924197554588317871e-01 -4.512061178684234619e-01
-3.600231930613517761e-02 1.264695525169372559e-01 -5.644009113311767578e-01 9.523466825485229492e-01 -1.376258581876754761e-01 2.722038626670837402e-01
-2.574195154011249542e-02 1.634964793920516968e-01 -6.463665962219238281e-01 2.136092185974121094e-01 9.379671812057495117e-01 -2.731096148490905762e-01
8.337542414665222168e-02 -1.463265120983123779e-01 -7.941350936889648438e-01 -6.699299216270446777e-01 -5.374680161476135254e-01 -5.121738910675048828e-01
-6.797373294830322266e-02 -1.738260686397552490e-01 -7.443938255310058594e-01 -3.279712895257630998e-17 -8.924197554588317871e-01 -4.512061178684234619e-01
-7.292887568473815918e-02 2.497097998857498169e-01 -6.511780619621276855e-01 9.523466825485229492e-01 -1.376258581876754761e-01 2.722038626670837402e-01
-4.699063301086425781e-02 -2.141977548599243164e-01 -6.645445227622985840e-01 -3.279712895257630998e-17 -8.924197554588317871e-01 -4.512061178684234619e-01
-1.202113479375839233e-01 -3.225859254598617554e-02 -6.283159255981445312e-01 9.523466825485229492e-01 -1.376258581876754761e-01 2.722038626670837402e-01
4.515137523412704468e-02 9.979442507028579712e-02 -7.273238301277160645e-01 -3.050177395343780518e-01 -4.297046363353729248e-01 8.498929738998413086e-01
3.295766562223434448e-02 -6.814201176166534424e-02 -8.102324008941650391e-01 6.699362993240356445e-01 5.374611616134643555e-01 5.121726989746093750e-01
3.417429327964782715e-02 -1.035650670528411865e-01 -7.746520042419433594e-01 6.699298620223999023e-01 5.374679565429687500e-01 5.121738314628601074e-01
-5.328594893217086792e-02 -6.482024490833282471e-02 -7.009089589118957520e-01 6.699362993240356445e-01 5.374611616134643555e-01 5.121726989746093750e-01
-9.527154266834259033e-02 1.517318040132522583e-01 -4.887427985668182373e-01 3.050177395343780518e-01 4.297046363353729248e-01 -8.498929738998413086e-01
3.891675733029842377e-03 2.238796800374984741e-01 -5.889881849288940430e-01 -3.279712895257630998e-17 -8.924197554588317871e-01 -4.512061178684234619e-01
-8.408521860837936401e-02 3.542064875364303589e-02 -5.645946860313415527e-01 9.523466825485229492e-01 -1.376258581876754761e-01 2.722038626670837402e-01
-3.190566599369049072e-02 3.391096368432044983e-02 -5.985748767852783203e-01 9.523466825485229492e-01 -1.376258581876754761e-01 2.722038626670837402e-01
-1.302036195993423462e-01 6.075669825077056885e-02 -5.463281273841857910e-01 9.523466825485229492e-01 -1.376258581876754761e-01 2.722038626670837402e-01
9.347879886627197266e-02 1.362922936677932739e-01 -5.265415906906127930e-01 -9.523466825485229492e-01 1.376258581876754761e-01 -2.722038626670837402e-01
7.161206007003784180e-02 8.110777474939823151e-03 -5.148458480834960938e-01 -9.523466825485229492e-01 1.376258581876754761e-01 -2.722038626670837402e-01
1.135744228959083557e-01 2.051457017660140991e-01 -6.495020985603332520e-01 -3.050177395343780518e-01 -4.297046363353729248e-01 8.498929738998413086e-01
1.232835426926612854e-01 -1.324829608201980591e-01 -8.232551217079162598e-01 -3.050177395343780518e-01 -4.297046363353729248e-01 8.498929738998413086e-01
1.078219041228294373e-01 8.144379593431949615e-03 -6.415145397186279297e-01 -9.523466825485229492e-01 1.376258581876754761e-01 -2.722038626670837402e-01
-1.079837530851364136e-01 2.269489690661430359e-02 -5.693572163581848145e-01 -3.016577661037445068e-01 -5.570673346519470215e-01 7.737432718276977539e-01
9.670976549386978149e-03 -1.263062804937362671e-01 -8.599730134010314941e-01 -3.050177395343780518e-01 -4.297046363353729248e-01 8.498929738998413086e-01
3.522057458758354187e-02 -2.573720514774322510e-01 -6.410528421401977539e-01 3.050177395343780518e-01 4.297046363353729248e-01 -8.498929738998413086e-01
-1.101097837090492249e-01 -5.984953790903091431e-02 -5.931099057197570801e-01 3.050177395343780518e-01 4.297046363353729248e-01 -8.498929738998413086e-01
9.582851827144622803e-02 1.737584024667739868e-01 -6.717402935028076172e-01 -3.050177395343780518e-01 -4.297046363353729248e-01 8.498929738998413086e-01
1.891018589958548546e-03 8.289659768342971802e-02 -7.513930797576904297e-01 -3.050177395343780518e-01 -4.297046363353729248e-01 8.498929738998413086e-01
-1.374305039644241333e-02 1.171657890081405640e-01 -5.789079070091247559e-01 1.344377994537353516e-01 -6.116668581962585449e-01 -7.796090245246887207e-01
2.897748723626136780e-02 -6.222876533865928650e-02 -8.112317323684692383e-01 6.699362993240356445e-01 5.374611616134643555e-01 5.121726989746093750e-01
7.490010559558868408e-02 1.278840005397796631e-01 -4.657924175262451172e-01 -9.523466825485229492e-01 1.376258581876754761e-01 -2.722038626670837402e-01
-8.095487207174301147e-02 8.967815339565277100e-02 -5.481141805648803711e-01 9.523466825485229492e-01 -1.376258581876754761e-01 2.722038626670837402e-01
-1.283730752766132355e-02 -1.143293306231498718e-01 -5.936781167984008789e-01 3.050177395343780518e-01 4.297046363353729248e-01 -8.498929738998413086e-01
-7.686698436737060547e-02 4.370965436100959778e-02 -7.415533661842346191e-01 9.523466825485229492e-01 -1.376258581876754761e-01 2.722038626670837402e-01
-7.812651246786117554e-02 -1.200625859200954437e-02 -6.094211339950561523e-01 9.523466825485229492e-01 -1.376258581876754761e-01 2.722038626670837402e-01
1.335444394499063492e-02 -8.434998244047164917e-02 -7.675827741622924805e-01 6.699362993240356445e-01 5.374611616134643555e-01 5.121726989746093750e-01
5.631670355796813965e-02 -2.571843564510345459e-01 -6.575511097908020020e-01 3.279712895257630998e-17 8.924197554588317871e-01 4.512061178684234619e-01
-3.021112270653247833e-02 -1.610694453120231628e-02 -7.822098135948181152e-01 6.699362993240356445e-01 5.374611616134643555e-01 5.121726989746093750e-01
1.005374826490879059e-02 -1.853121072053909302e-01 -6.171598434448242188e-01 -6.721020340919494629e-01 -5.351330041885375977e-01 -5.117728710174560547e-01
8.341716229915618896e-02 1.444593071937561035e-01 -4.872101843357086182e-01 -9.523466825485229492e-01 1.376258581876754761e-01 -2.722038626670837402e-01
-1.106716245412826538e-01 -4.767449572682380676e-02 -5.871558785438537598e-01 3.050177395343780518e-01 4.297046363353729248e-01 -8.498929738998413086e-01
3.111177682876586914e-02 -1.640202999114990234e-01 -7.072058916091918945e-01 6.699298620223999023e-01 5.374679565429687500e-01 5.121738314628601074e-01
1.351317111402750015e-02 1.536631435155868530e-01 -7.114425301551818848e-01 -3.050177395343780518e-01 -4.297046363353729248e-01 8.498929738998413086e-01
-9.434285014867782593e-02 -1.996531933546066284e-01 -7.713393568992614746e-01 3.279712895257630998e-17 8.924197554588317871e-01 4.512061178684234619e-01
-6.484659016132354736e-02 -4.454438574612140656e-03 -6.945251822471618652e-01 4.514579102396965027e-02 -8.189896941184997559e-01 -5.720294117927551270e-01
3.596362471580505371e-02 -1.401399821043014526e-01 -8.110200166702270508e-01 -3.279712895257630998e-17 -8.924197554588317871e-01 -4.512061178684234619e-01
9.043717756867408752e-03 -1.984865814447402954e-01 -7.736467719078063965e-01 3.279712895257630998e-17 8.924197554588317871e-01 4.512061178684234619e-01
-4.147524759173393250e-02 -5.905936658382415771e-02 -5.760115981101989746e-01 3.050177395343780518e-01 4.297046363353729248e-01 -8.498929738998413086e-01
-1.285317689180374146e-01 -3.417956084012985229e-02 -6.001769304275512695e-01 9.523466825485229492e-01 -1.376258581876754761e-01 2.722038626670837402e-01
-6.327005568891763687e-03 1.374849528074264526e-01 -6.297204494476318359e-01 -1.698997020721435547e-01 -9.805085659027099609e-01 9.867635369300842285e-02
-5.278849974274635315e-02 -1.815260648727416992e-01 -8.071922063827514648e-01 3.279712895257630998e-17 8.924197554588317871e-01 4.512061178684234619e-01
-9.582836180925369263e-02 -1.492536533623933792e-02 -6.563414931297302246e-01 -1.117261871695518494e-01 -9.877941012382507324e-01 -1.085361093282699585e-01
4.418886825442314148e-02 6.063482258468866348e-03 -5.123416185379028320e-01 3.050177395343780518e-01 4.297046363353729248e-01 -8.498929738998413086e-01
-2.485950104892253876e-02 7.455580867826938629e-03 -6.475335359573364258e-01 -5.673141777515411377e-02 -9.567703008651733398e-01 -2.852581143379211426e-01
-1.546447724103927612e-02 7.381075620651245117e-02 -5.480020046234130859e-01 -2.747991085052490234e-01 1.484794775024056435e-04 9.615016579627990723e-01
-2.240256592631340027e-02 9.340201318264007568e-02 -7.149951457977294922e-01 2.953673005104064941e-01 1.934028714895248413e-01 -9.356033205986022949e-01
3.578791394829750061e-02 -1.060900464653968811e-01 -5.647133588790893555e-01 -7.045012712478637695e-01 -4.986810386180877686e-01 -5.049705505371093750e-01
1.764868758618831635e-02 2.111104279756546021e-01 -5.637325048446655273e-01 -3.279712895257630998e-17 -8.924197554588317871e-01 -4.512061178684234619e-01
1.229352205991744995e-01 2.982595562934875488e-02 -6.834285855293273926e-01 -9.523466825485229492e-01 1.376258581876754761e-01 -2.722038626670837402e-01
-8.401978015899658203e-02 1.752959936857223511e-01 -4.928967356681823730e-01 -3.279712895257630998e-17 -8.924197554588317871e-01 -4.512061178684234619e-01
-1.393818203359842300e-02 7.291691005229949951e-02 -4.994018077850341797e-01 3.050177395343780518e-01 4.297046363353729248e-01 -8.498929738998413086e-01
-8.142061531543731689e-02 5.267561599612236023e-02 -5.617652535438537598e-01 -3.050037920475006104e-01 -4.382121562957763672e-01 8.455428481101989746e-01
-6.767638772726058960e-02 4.754941910505294800e-02 -5.315136313438415527e-01 3.050177395343780518e-01 4.297046363353729248e-01 -8.498929738998413086e-01
-6.963884085416793823e-02 1.374414712190628052e-01 -5.635560154914855957e-01 9.523466825485229492e-01 -1.376258581876754761e-01 2.722038626670837402e-01
1.132992058992385864e-01 2.137536704540252686e-01 -6.452487111091613770e-01 -3.050177395343780518e-01 -4.297046363353729248e-01 8.498929738998413086e-01
