5.002968758344650269e-02 1.144408509135246277e-01 -8.238659501075744629e-01 -9.444701671600341797e-01 -1.399453431367874146e-01 2.973069250583648682e-01
-8.577010594308376312e-03 2.410587966442108154e-01 -8.110978603363037109e-01 9.284899234771728516e-01 2.790951132774353027e-01 2.449740469455718994e-01
-7.587396353483200073e-02 1.969819366931915283e-01 -7.974940538406372070e-01 9.444701671600341797e-01 1.399453431367874146e-01 -2.973069250583648682e-01
-4.913495481014251709e-02 2.840668149292469025e-02 -7.919009327888488770e-01 9.444701671600341797e-01 1.399453431367874146e-01 -2.973069250583648682e-01
-6.082437187433242798e-02 1.844483800232410431e-02 -8.337244391441345215e-01 9.444701671600341797e-01 1.399453431367874146e-01 -2.973069250583648682e-01
-7.492734491825103760e-02 -1.419863700866699219e-01 -9.540426731109619141e-01 9.444701671600341797e-01 1.399453431367874146e-01 -2.973069250583648682e-01
-7.563402503728866577e-02 9.106259793043136597e-02 -8.465891480445861816e-01 9.444701671600341797e-01 1.399453431367874146e-01 -2.973069250583648682e-01
1.356468629091978073e-02 2.204939536750316620e-02 -7.557283639907836914e-01 -8.691058754920959473e-01 4.299320280551910400e-01 -2.445676326751708984e-01
4.264012724161148071e-02 1.799756139516830444e-01 -8.164929151535034180e-01 -9.444701671600341797e-01 -1.399453431367874146e-01 2.973069250583648682e-01
-4.959458857774734497e-02 -2.333235144615173340e-01 -9.165601134300231934e-01 9.444701671600341797e-01 1.399453431367874146e-01 -2.973069250583648682e-01
2.433871850371360779e-02 1.703449785709381104e-01 -6.689296364784240723e-01 -3.285971879959106445e-01 4.022377729415893555e-01 -8.545341491699218750e-01
-6.995185464620590210e-02 1.449440121650695801e-01 -8.482091426849365234e-01 -3.285971879959106445e-01 4.022377729415893555e-01 -8.545341491699218750e-01
1.641234569251537323e-02 -6.479039043188095093e-02 -8.323559761047363281e-01 -1.232467442750930786e-01 8.787778615951538086e-01 4.610420763492584229e-01
5.989769939333200455e-03 -7.515007257461547852e-02 -7.884754538536071777e-01 9.209263920783996582e-01 -7.183202356100082397e-02 3.830596506595611572e-01
4.635335505008697510e-02 -1.007510274648666382e-01 -9.368377327919006348e-01 -9.444701671600341797e-01 -1.399453431367874146e-01 2.973069250583648682e-01
-1.750129275023937225e-02 -2.455780655145645142e-01 -9.428071379661560059e-01 -1.953182702932674256e-17 9.047762751579284668e-01 4.258872270584106445e-01
8.833221159875392914e-03 5.987210199236869812e-02 -7.149679064750671387e-01 -3.285971879959106445e-01 4.022377729415893555e-01 -8.545341491699218750e-01
5.512126162648200989e-02 1.859683394432067871e-01 -7.740225791931152344e-01 -9.444701671600341797e-01 -1.399453431367874146e-01 2.973069250583648682e-01
7.197511196136474609e-02 -2.458921819925308228e-02 -8.195936679840087891e-01 -9.444701671600341797e-01 -1.399453431367874146e-01 2.973069250583648682e-01
-2.831594459712505341e-02 -2.302374318242073059e-02 -9.148128032684326172e-01 5.749148726463317871e-01 8.030253052711486816e-01 1.569178700447082520e-01
7.131993770599365234e-02 -2.095354944467544556e-01 -9.087310433387756348e-01 -9.444701671600341797e-01 -1.399453431367874146e-01 2.973069250583648682e-01
-7.361961156129837036e-02 -5.475502088665962219e-02 -9.088276624679565430e-01 9.444701671600341797e-01 1.399453431367874146e-01 -2.973069250583648682e-01
-6.496746093034744263e-02 -1.498194485902786255e-01 -9.260897040367126465e-01 9.444701671600341797e-01 1.399453431367874146e-01 -2.973069250583648682e-01
-1.409502048045396805e-02 -4.586280882358551025e-02 -9.595026373863220215e-01 -3.285971879959106445e-01 4.022377729415893555e-01 -8.545341491699218750e-01
5.127579718828201294e-02 -1.369180716574192047e-02 -8.802207112312316895e-01 -9.444701671600341797e-01 -1.399453431367874146e-01 2.973069250583648682e-01
-2.660234272480010986e-02 7.580062747001647949e-02 -6.980116367340087891e-01 9.444701671600341797e-01 1.399453431367874146e-01 -2.973069250583648682e-01
2.013153024017810822e-02 1.519325971603393555e-01 -8.795596361160278320e-01 -3.285971879959106445e-01 4.022377729415893555e-01 -8.545341491699218750e-01
5.066782236099243164e-02 6.481924653053283691e-02 -8.451961874961853027e-01 -9.444701671600341797e-01 -1.399453431367874146e-01 2.973069250583648682e-01
-5.413493886590003967e-02 -1.118791922926902771e-01 -8.738186359405517578e-01 9.444701671600341797e-01 1.399453431367874146e-01 -2.973069250583648682e-01
6.766013056039810181e-02 -2.508650422096252441e-01 -9.315752387046813965e-01 -1.953182702932674256e-17 9.047762751579284668e-01 4.258872270584106445e-01
-1.976946741342544556e-02 2.549980878829956055e-01 -8.081015348434448242e-01 4.829562604427337646e-01 4.237535297870635986e-01 7.662807106971740723e-01
-7.834182679653167725e-02 -1.704720407724380493e-01 -9.782981276512145996e-01 9.444701671600341797e-01 1.399453431367874146e-01 -2.973069250583648682e-01
5.615957546979188919e-03 1.050477921962738037e-01 -6.985574364662170410e-01 -6.466125845909118652e-01 3.724423050880432129e-02 -7.619088292121887207e-01
-7.417233288288116455e-02 6.464861333370208740e-02 -8.543789982795715332e-01 9.444701671600341797e-01 1.399453431367874146e-01 -2.973069250583648682e-01
-5.828746780753135681e-02 2.657000720500946045e-01 -7.958533763885498047e-01 -3.285971879959106445e-01 4.022377729415893555e-01 -8.545341491699218750e-01
-2.902924083173274994e-02 -1.741935163736343384e-01 -9.976320862770080566e-01 2.589806616306304932e-01 -8.739057183265686035e-01 4.113609790802001953e-01
1.033547800034284592e-02 -5.909954383969306946e-02 -8.448272943496704102e-01 -1.232467442750930786e-01 8.787778615951538086e-01 4.610420763492584229e-01
3.283926472067832947e-02 2.011567912995815277e-02 -7.542836666107177734e-01 -9.913479685783386230e-01 -1.300961971282958984e-01 -1.744297146797180176e-02
-3.833015635609626770e-02 1.401503235101699829e-01 -7.049779295921325684e-01 9.444701671600341797e-01 1.399453431367874146e-01 -2.973069250583648682e-01
-1.963129825890064240e-02 2.183079421520233154e-01 -8.154850602149963379e-01 2.270875573158264160e-01 -9.587790369987487793e-01 -1.708038300275802612e-01
-8.293065242469310760e-03 2.307765930891036987e-01 -7.716608047485351562e-01 1.161298602819442749e-01 9.151180982589721680e-01 3.860993981361389160e-01
-7.020156830549240112e-02 7.162225991487503052e-02 -8.384823203086853027e-01 9.444701671600341797e-01 1.399453431367874146e-01 -2.973069250583648682e-01
6.027333438396453857e-02 1.667283624410629272e-01 -7.667121887207031250e-01 -9.444701671600341797e-01 -1.399453431367874146e-01 2.973069250583648682e-01
-5.794537812471389771e-02 -1.185235753655433655e-01 -8.890510201454162598e-01 9.444701671600341797e-01 1.399453431367874146e-01 -2.973069250583648682e-01
6.812094897031784058e-02 -1.273538358509540558e-02 -7.719430923461914062e-01 -3.285971879959106445e-01 4.022377729415893555e-01 -8.545341491699218750e-01
-3.647306933999061584e-02 -1.411518361419439316e-02 -9.359536170959472656e-01 -3.285971879959106445e-01 4.022377729415893555e-01 -8.545341491699218750e-01
-3.279259055852890015e-02 -2.739553451538085938e-01 -8.825210332870483398e-01 -1.953182702932674256e-17 9.047762751579284668e-01 4.258872270584106445e-01
6.319577991962432861e-02 8.238369226455688477e-02 -7.971302270889282227e-01 -9.444701671600341797e-01 -1.399453431367874146e-01 2.973069250583648682e-01
3.221255168318748474e-02 -9.845334291458129883e-02 -9.806780219078063965e-01 -9.444701671600341797e-01 -1.399453431367874146e-01 2.973069250583648682e-01
-7.770083844661712646e-02 -7.788851857185363770e-02 -9.501188993453979492e-01 -3.285971879959106445e-01 4.022377729415893555e-01 -8.545341491699218750e-01
-5.078128352761268616e-02 2.528434097766876221e-01 -8.047915101051330566e-01 -3.285971879959106445e-01 4.022377729415893555e-01 -8.545341491699218750e-01
-3.233935311436653137e-02 -1.892238706350326538e-01 -8.409863710403442383e-01 9.444701671600341797e-01 1.399453431367874146e-01 -2.973069250583648682e-01
-2.764739282429218292e-02 1.177765652537345886e-01 -8.772646188735961914e-01 -3.285971879959106445e-01 4.022377729415893555e-01 -8.545341491699218750e-01
-5.634995549917221069e-02 8.224430494010448456e-03 -9.177947640419006348e-01 -3.285971879959106445e-01 4.022377729415893555e-01 -8.545341491699218750e-01
1.038187276571989059e-02 2.301398366689682007e-01 -7.102441191673278809e-01 1.953182702932674256e-17 -9.047762751579284668e-01 -4.258872270584106445e-01
5.973745137453079224e-02 -2.692524194717407227e-01 -8.925121426582336426e-01 -1.953182702932674256e-17 9.047762751579284668e-01 4.258872270584106445e-01
-9.544411674141883850e-03 2.037064433097839355e-01 -7.809221744537353516e-01 1.304055154323577881e-01 -8.767877817153930664e-01 -4.628581106662750244e-01
1.341241039335727692e-02 -1.798726618289947510e-01 -1.033159971237182617e+00 -3.285971879959106445e-01 4.022377729415893555e-01 -8.545341491699218750e-01
-1.427482906728982925e-02 8.758329600095748901e-02 -6.930381655693054199e-01 -3.285971879959106445e-01 4.022377729415893555e-01 -8.545341491699218750e-01
4.022338986396789551e-02 -1.821465045213699341e-01 -9.946247935295104980e-01 -9.444701671600341797e-01 -1.399453431367874146e-01 2.973069250583648682e-01
4.075251147150993347e-02 -2.006810158491134644e-01 -1.001668214797973633e+00 -9.444701671600341797e-01 -1.399453431367874146e-01 2.973069250583648682e-01
3.941818326711654663e-02 2.241959720849990845e-01 -8.059132695198059082e-01 -9.444701671600341797e-01 -1.399453431367874146e-01 2.973069250583648682e-01
5.032412707805633545e-02 9.526532143354415894e-02 -8.319567441940307617e-01 -9.444701671600341797e-01 -1.399453431367874146e-01 2.973069250583648682e-01
7.442163676023483276e-02 -3.588456660509109497e-02 -8.171384930610656738e-01 -9.444701671600341797e-01 -1.399453431367874146e-01 2.973069250583648682e-01
-2.437046729028224945e-02 -4.189858213067054749e-02 -9.536853432655334473e-01 -3.285971879959106445e-01 4.022377729415893555e-01 -8.545341491699218750e-01
-3.333579003810882568e-02 -1.077040806412696838e-01 -8.057796359062194824e-01 9.444701671600341797e-01 1.399453431367874146e-01 -2.973069250583648682e-01
3.864854574203491211e-02 -1.735808551311492920e-01 -8.363215327262878418e-01 -3.285971879959106445e-01 4.022377729415893555e-01 -8.545341491699218750e-01
-2.733487449586391449e-02 8.732327073812484741e-02 -6.949148774147033691e-01 9.444701671600341797e-01 1.399453431367874146e-01 -2.973069250583648682e-01
-1.169560290873050690e-02 3.360609337687492371e-02 -9.230184555053710938e-01 -3.285971879959106445e-01 4.022377729415893555e-01 -8.545341491699218750e-01
6.521956622600555420e-02 -9.760066121816635132e-02 -8.754215836524963379e-01 -9.444701671600341797e-01 -1.399453431367874146e-01 2.973069250583648682e-01
4.015102982521057129e-02 2.058363854885101318e-01 -6.586126685142517090e-01 1.953182702932674256e-17 -9.047762751579284668e-01 -4.258872270584106445e-01
-6.681489944458007812e-02 -9.292045235633850098e-02 -9.613805413246154785e-01 -3.285971879959106445e-01 4.022377729415893555e-01 -8.545341491699218750e-01
6.107754632830619812e-02 -2.599761188030242920e-01 -9.122192263603210449e-01 -1.953182702932674256e-17 9.047762751579284668e-01 4.258872270584106445e-01
-1.809919020161032677e-03 -1.254408508539199829e-01 -7.981039285659790039e-01 -3.285971879959106445e-01 4.022377729415893555e-01 -8.545341491699218750e-01
4.358851537108421326e-02 -2.718002498149871826e-01 -8.870994448661804199e-01 -1.953182702932674256e-17 9.047762751579284668e-01 4.258872270584106445e-01
4.101154953241348267e-02 -1.154851168394088745e-01 -9.607428312301635742e-01 -9.444701671600341797e-01 -1.399453431367874146e-01 2.973069250583648682e-01
-1.433959510177373886e-02 -1.800826638936996460e-01 -1.002842426300048828e+00 3.285971879959106445e-01 -4.022377729415893555e-01 8.545341491699218750e-01
-3.596586361527442932e-02 5.678543075919151306e-02 -7.367078661918640137e-01 9.444701671600341797e-01 1.399453431367874146e-01 -2.973069250583648682e-01
7.102434057742357254e-03 -1.442640572786331177e-01 -1.013972163200378418e+00 -3.285971879959106445e-01 4.022377729415893555e-01 -8.545341491699218750e-01
4.123425111174583435e-02 1.235906109213829041e-01 -8.475000262260437012e-01 -9.444701671600341797e-01 -1.399453431367874146e-01 2.973069250583648682e-01
-8.098051697015762329e-02 1.995542496442794800e-01 -8.125054836273193359e-01 9.444701671600341797e-01 1.399453431367874146e-01 -2.973069250583648682e-01
4.083903133869171143e-02 -2.151527255773544312e-01 -1.007444262504577637e+00 -1.953182702932674256e-17 9.047762751579284668e-01 4.258872270584106445e-01
-8.106161653995513916e-02 1.504262685775756836e-01 -8.358881473541259766e-01 9.444701671600341797e-01 1.399453431367874146e-01 -2.973069250583648682e-01
-6.980692595243453979e-02 -8.538917638361454010e-03 -8.749613165855407715e-01 9.444701671600341797e-01 1.399453431367874146e-01 -2.973069250583648682e-01
-1.731980964541435242e-02 -3.279961645603179932e-02 -8.996897339820861816e-01 3.615056872367858887e-01 8.894409537315368652e-01 2.796576321125030518e-01
2.382676117122173309e-02 1.831547021865844727e-01 -6.635255217552185059e-01 -5.811621993780136108e-02 5.020213723182678223e-01 -8.629003763198852539e-01
-3.362854197621345520e-02 6.523254513740539551e-02 -7.253066301345825195e-01 9.444701671600341797e-01 1.399453431367874146e-01 -2.973069250583648682e-01
-1.561275590211153030e-02 -1.378319561481475830e-01 -9.960618019104003906e-01 -2.530329227447509766e-01 8.869825005531311035e-01 -3.863111436367034912e-01
6.730215996503829956e-02 -2.438549995422363281e-01 -9.376490712165832520e-01 -9.444701671600341797e-01 -1.399453431367874146e-01 2.973069250583648682e-01
-8.763490244746208191e-03 2.231232076883316040e-01 -6.953376531600952148e-01 1.953182702932674256e-17 -9.047762751579284668e-01 -4.258872270584106445e-01
9.695169515907764435e-03 -2.997702360153198242e-02 -8.749368190765380859e-01 -9.363752603530883789e-01 -2.054072357714176178e-02 3.503991365432739258e-01
1.142920693382620811e-03 6.568386405706405640e-02 -9.128559827804565430e-01 -3.285971879959106445e-01 4.022377729415893555e-01 -8.545341491699218750e-01
5.358577519655227661e-02 -1.329722721129655838e-02 -8.726967573165893555e-01 -9.444701671600341797e-01 -1.399453431367874146e-01 2.973069250583648682e-01
-1.546401251107454300e-02 -1.162652485072612762e-02 -8.809291124343872070e-01 3.615056872367858887e-01 -7.823098897933959961e-01 -5.072522163391113281e-01
2.632551267743110657e-02 1.279727071523666382e-01 -8.927986621856689453e-01 -9.444701671600341797e-01 -1.399453431367874146e-01 2.973069250583648682e-01
-7.895505428314208984e-02 1.284028142690658569e-01 -8.395627737045288086e-01 9.444701671600341797e-01 1.399453431367874146e-01 -2.973069250583648682e-01
-5.915964767336845398e-02 1.311759054660797119e-01 -7.753723859786987305e-01 9.444701671600341797e-01 1.399453431367874146e-01 -2.973069250583648682e-01
-3.751708567142486572e-02 -1.390442103147506714e-01 -8.338146805763244629e-01 9.444701671600341797e-01 1.399453431367874146e-01 -2.973069250583648682e-01
5.437299609184265137e-02 1.515075564384460449e-04 -8.638654947280883789e-01 -9.444701671600341797e-01 -1.399453431367874146e-01 2.973069250583648682e-01
1.655793562531471252e-02 2.720332741737365723e-01 -7.992446422576904297e-01 1.953182702932674256e-17 -9.047762751579284668e-01 -4.258872270584106445e-01
-1.797274127602577209e-02 -1.048888489603996277e-01 -9.857956767082214355e-01 -3.285971879959106445e-01 4.022377729415893555e-01 -8.545341491699218750e-01
-3.946018696296960115e-04 2.548788487911224365e-01 -8.232088088989257812e-01 -3.285971879959106445e-01 4.022377729415893555e-01 -8.545341491699218750e-01
3.417339920997619629e-02 1.622568257153034210e-02 -9.204683303833007812e-01 -9.444701671600341797e-01 -1.399453431367874146e-01 2.973069250583648682e-01
2.138668857514858246e-02 -2.579767704010009766e-01 -9.164667725563049316e-01 -1.953182702932674256e-17 9.047762751579284668e-01 4.258872270584106445e-01
2.369308657944202423e-02 2.137736417353153229e-02 -7.469716668128967285e-01 1.756149232387542725e-01 -5.184517502784729004e-01 -8.368794322013854980e-01
-4.233629629015922546e-02 -2.489780485630035400e-01 -9.355840682983398438e-01 -1.953182702932674256e-17 9.047762751579284668e-01 4.258872270584106445e-01
-4.214126244187355042e-02 2.581322789192199707e-01 -8.052828311920166016e-01 1.538414414972066879e-02 -5.808900669217109680e-02 9.981929063796997070e-01
2.307467721402645111e-02 -1.932621449232101440e-01 -8.395970463752746582e-01 -3.285971879959106445e-01 4.022377729415893555e-01 -8.545341491699218750e-01
-7.314046472311019897e-02 2.607435882091522217e-01 -7.752602696418762207e-01 1.953182702932674256e-17 -9.047762751579284668e-01 -4.258872270584106445e-01
7.856396585702896118e-02 2.059628963470458984e-01 -6.901393532752990723e-01 -9.444701671600341797e-01 -1.399453431367874146e-01 2.973069250583648682e-01
6.368118524551391602e-02 2.066820412874221802e-01 -6.669539213180541992e-01 -3.285971879959106445e-01 4.022377729415893555e-01 -8.545341491699218750e-01
-3.385854884982109070e-02 3.699619695544242859e-02 -7.393284440040588379e-01 9.444701671600341797e-01 1.399453431367874146e-01 -2.973069250583648682e-01
4.241649061441421509e-02 1.401436775922775269e-01 -8.359526395797729492e-01 -9.444701671600341797e-01 -1.399453431367874146e-01 2.973069250583648682e-01
3.122135624289512634e-02 2.167132496833801270e-01 -8.354747295379638672e-01 -9.444701671600341797e-01 -1.399453431367874146e-01 2.973069250583648682e-01
4.419771581888198853e-02 2.463681250810623169e-01 -7.802932262420654297e-01 -9.444701671600341797e-01 -1.399453431367874146e-01 2.973069250583648682e-01
3.014812618494033813e-02 5.930309370160102844e-02 -9.129786491394042969e-01 -9.444701671600341797e-01 -1.399453431367874146e-01 2.973069250583648682e-01
5.692758783698081970e-02 1.202243268489837646e-01 -7.992307543754577637e-01 -9.444701671600341797e-01 -1.399453431367874146e-01 2.973069250583648682e-01
-7.167824357748031616e-02 1.995626986026763916e-01 -7.829505205154418945e-01 9.444701671600341797e-01 1.399453431367874146e-01 -2.973069250583648682e-01
-5.989817157387733459e-02 -5.970589444041252136e-02 -8.675684928894042969e-01 9.444701671600341797e-01 1.399453431367874146e-01 -2.973069250583648682e-01
7.667073607444763184e-02 1.756171286106109619e-01 -7.104377150535583496e-01 -9.444701671600341797e-01 -1.399453431367874146e-01 2.973069250583648682e-01
-5.303117632865905762e-02 -2.150437235832214355e-01 -9.188728332519531250e-01 9.444701671600341797e-01 1.399453431367874146e-01 -2.973069250583648682e-01
5.921720713376998901e-02 -4.652714729309082031e-02 -7.844254374504089355e-01 -3.285971879959106445e-01 4.022377729415893555e-01 -8.545341491699218750e-01
-3.354106470942497253e-02 4.690922331064939499e-03 -9.196928143501281738e-01 5.749688148498535156e-01 -6.326034665107727051e-01 -5.188676714897155762e-01
7.288783043622970581e-02 -1.133380830287933350e-02 -8.104547262191772461e-01 -9.444701671600341797e-01 -1.399453431367874146e-01 2.973069250583648682e-01
-4.037173092365264893e-02 -1.868900060653686523e-01 -8.654046654701232910e-01 9.444701671600341797e-01 1.399453431367874146e-01 -2.973069250583648682e-01
-5.624075606465339661e-02 -4.464120045304298401e-02 -8.488586544990539551e-01 9.444701671600341797e-01 1.399453431367874146e-01 -2.973069250583648682e-01
4.628386721014976501e-02 1.970116198062896729e-01 -7.968986034393310547e-01 -9.444701671600341797e-01 -1.399453431367874146e-01 2.973069250583648682e-01
4.996506869792938232e-02 1.761683821678161621e-01 -7.950155138969421387e-01 -9.444701671600341797e-01 -1.399453431367874146e-01 2.973069250583648682e-01
-4.660209268331527710e-02 2.001541554927825928e-01 -7.030113935470581055e-01 9.444701671600341797e-01 1.399453431367874146e-01 -2.973069250583648682e-01
-6.885533221065998077e-03 -5.026954784989356995e-02 -8.462741971015930176e-01 8.726159930229187012e-01 4.754503667354583740e-01 -1.117510125041007996e-01
-2.531526982784271240e-02 -2.572617828845977783e-01 -8.511147499084472656e-01 -3.285971879959106445e-01 4.022377729415893555e-01 -8.545341491699218750e-01
5.655242502689361572e-02 1.277345269918441772e-01 -7.968873977661132812e-01 -9.444701671600341797e-01 -1.399453431367874146e-01 2.973069250583648682e-01
8.120651473291218281e-04 -3.690859302878379822e-02 -8.309058547019958496e-01 5.749688148498535156e-01 -6.326034665107727051e-01 -5.188676714897155762e-01
5.335951596498489380e-02 2.379963099956512451e-01 -7.551291584968566895e-01 -9.444701671600341797e-01 -1.399453431367874146e-01 2.973069250583648682e-01
8.989400230348110199e-03 1.856408827006816864e-02 -7.473804354667663574e-01 -8.513366580009460449e-01 2.961029708385467529e-01 -4.330690801143646240e-01
-7.454473059624433517e-03 2.480152398347854614e-01 -8.170298337936401367e-01 8.442593812942504883e-01 5.097418278455734253e-02 5.335050821304321289e-01
-6.201747804880142212e-02 -1.651358902454376221e-01 -9.239279031753540039e-01 9.444701671600341797e-01 1.399453431367874146e-01 -2.973069250583648682e-01
5.315985158085823059e-02 8.214183896780014038e-02 -8.291257023811340332e-01 -9.444701671600341797e-01 -1.399453431367874146e-01 2.973069250583648682e-01
-7.496817409992218018e-02 1.084865629673004150e-01 -8.362722396850585938e-01 9.444701671600341797e-01 1.399453431367874146e-01 -2.973069250583648682e-01
3.934026882052421570e-02 1.345484256744384766e-01 -8.483587503433227539e-01 -9.444701671600341797e-01 -1.399453431367874146e-01 2.973069250583648682e-01
1.275786198675632477e-02 -8.726871013641357422e-02 -7.944818139076232910e-01 6.339616179466247559e-01 2.604216039180755615e-01 7.281986474990844727e-01
-5.465839989483356476e-03 -4.343206435441970825e-02 -9.616766571998596191e-01 -3.285971879959106445e-01 4.022377729415893555e-01 -8.545341491699218750e-01
-2.287165261805057526e-03 2.295908480882644653e-01 -7.870225310325622559e-01 8.697686791419982910e-01 4.815436005592346191e-01 -1.077879965305328369e-01
-5.201901309192180634e-03 -2.408630251884460449e-01 -9.528240561485290527e-01 -1.953182702932674256e-17 9.047762751579284668e-01 4.258872270584106445e-01
4.857754707336425781e-02 2.469979077577590942e-01 -7.660831212997436523e-01 -9.444701671600341797e-01 -1.399453431367874146e-01 2.973069250583648682e-01
-6.544806808233261108e-02 -9.504520893096923828e-02 -9.018337130546569824e-01 9.444701671600341797e-01 1.399453431367874146e-01 -2.973069250583648682e-01
7.721709460020065308e-02 4.245303943753242493e-02 -7.713837623596191406e-01 -9.444701671600341797e-01 -1.399453431367874146e-01 2.973069250583648682e-01
2.615544199943542480e-02 2.266601622104644775e-01 -8.468857407569885254e-01 -9.444701671600341797e-01 -1.399453431367874146e-01 2.973069250583648682e-01
1.339410431683063507e-02 -2.330235093832015991e-01 -8.545905947685241699e-01 -3.285971879959106445e-01 4.022377729415893555e-01 -8.545341491699218750e-01
1.637903042137622833e-02 2.556980550289154053e-01 -7.645412683486938477e-01 1.953182702932674256e-17 -9.047762751579284668e-01 -4.258872270584106445e-01
-7.448437809944152832e-02 2.416299581527709961e-01 -7.720634341239929199e-01 9.444701671600341797e-01 1.399453431367874146e-01 -2.973069250583648682e-01
-5.471768230199813843e-02 1.163925603032112122e-01 -8.675066232681274414e-01 -3.285971879959106445e-01 4.022377729415893555e-01 -8.545341491699218750e-01
-8.044315129518508911e-02 -6.218133121728897095e-02 -9.339999556541442871e-01 9.444701671600341797e-01 1.399453431367874146e-01 -2.973069250583648682e-01
-4.269313439726829529e-02 5.393744632601737976e-02 -7.594192624092102051e-01 9.444701671600341797e-01 1.399453431367874146e-01 -2.973069250583648682e-01
4.436637833714485168e-02 4.784096032381057739e-02 -7.344288825988769531e-01 -4.052541255950927734e-01 1.787532716989517212e-01 -8.965580463409423828e-01
-6.377097964286804199e-02 2.369683086872100830e-01 -7.402238845825195312e-01 9.444701671600341797e-01 1.399453431367874146e-01 -2.973069250583648682e-01
-7.177188992500305176e-02 4.458513855934143066e-02 -8.561974763870239258e-01 9.444701671600341797e-01 1.399453431367874146e-01 -2.973069250583648682e-01
4.917372949421405792e-03 2.063719630241394043e-01 -7.717998623847961426e-01 7.536156177520751953e-01 -4.336951673030853271e-01 -4.939352571964263916e-01
-1.992150768637657166e-02 2.178712934255599976e-01 -8.254010081291198730e-01 4.931767880916595459e-01 -8.549776673316955566e-01 1.605920642614364624e-01
-5.698681995272636414e-02 4.358082637190818787e-02 -9.009072780609130859e-01 -3.285971879959106445e-01 4.022377729415893555e-01 -8.545341491699218750e-01
-8.020158112049102783e-02 2.119286060333251953e-01 -8.134184479713439941e-01 3.285971879959106445e-01 -4.022377729415893555e-01 8.545341491699218750e-01
-6.625853013247251511e-03 2.519786059856414795e-01 -7.566394805908203125e-01 1.953182702932674256e-17 -9.047762751579284668e-01 -4.258872270584106445e-01
2.067257091403007507e-02 -1.326629519462585449e-01 -1.013729572296142578e+00 -3.285971879959106445e-01 4.022377729415893555e-01 -8.545341491699218750e-01
-3.252365812659263611e-02 8.167866617441177368e-02 -7.140552997589111328e-01 9.444701671600341797e-01 1.399453431367874146e-01 -2.973069250583648682e-01
-7.432245183736085892e-03 2.717337943613529205e-02 -7.261480093002319336e-01 -3.285971879959106445e-01 4.022377729415893555e-01 -8.545341491699218750e-01
6.057169288396835327e-02 -1.655099093914031982e-01 -8.409526944160461426e-01 -3.285971879959106445e-01 4.022377729415893555e-01 -8.545341491699218750e-01
-2.623748034238815308e-02 1.373154819011688232e-01 -6.678969264030456543e-01 9.444701671600341797e-01 1.399453431367874146e-01 -2.973069250583648682e-01
7.895196974277496338e-02 6.839130818843841553e-02 -7.379208803176879883e-01 -3.285971879959106445e-01 4.022377729415893555e-01 -8.545341491699218750e-01
6.340930610895156860e-02 3.898625820875167847e-02 -8.168795108795166016e-01 -9.444701671600341797e-01 -1.399453431367874146e-01 2.973069250583648682e-01
4.954955354332923889e-02 -1.391795873641967773e-01 -8.243203163146972656e-01 -3.285971879959106445e-01 4.022377729415893555e-01 -8.545341491699218750e-01
-8.101703971624374390e-02 2.128772735595703125e-01 -8.063502311706542969e-01 9.444701671600341797e-01 1.399453431367874146e-01 -2.973069250583648682e-01
5.360373482108116150e-02 -8.365907520055770874e-02 -8.014021515846252441e-01 -5.473175272345542908e-02 -1.536001414060592651e-01 9.866161942481994629e-01
4.066523164510726929e-02 6.921418011188507080e-02 -8.749032020568847656e-01 -9.444701671600341797e-01 -1.399453431367874146e-01 2.973069250583648682e-01
3.063138201832771301e-02 -2.125458419322967529e-01 -1.012982487678527832e+00 -1.953182702932674256e-17 9.047762751579284668e-01 4.258872270584106445e-01
7.742892950773239136e-02 -1.428227275609970093e-01 -8.579219579696655273e-01 -9.444701671600341797e-01 -1.399453431367874146e-01 2.973069250583648682e-01
-6.048685684800148010e-02 -4.806912911590188742e-04 -8.415606617927551270e-01 9.444701671600341797e-01 1.399453431367874146e-01 -2.973069250583648682e-01
6.574629247188568115e-02 -9.399533271789550781e-02 -8.092798590660095215e-01 -3.285971879959106445e-01 4.022377729415893555e-01 -8.545341491699218750e-01
-8.183704316616058350e-02 -1.348303705453872681e-01 -9.726246595382690430e-01 9.444701671600341797e-01 1.399453431367874146e-01 -2.973069250583648682e-01
1.569140143692493439e-02 1.217536628246307373e-01 -7.095022797584533691e-01 8.726490736007690430e-01 4.753786325454711914e-01 -1.117975041270256042e-01
7.263514399528503418e-02 -2.684324085712432861e-01 -8.942542076110839844e-01 -1.953182702932674256e-17 9.047762751579284668e-01 4.258872270584106445e-01
-6.622948497533798218e-02 -2.202049940824508667e-01 -9.632300138473510742e-01 9.444701671600341797e-01 1.399453431367874146e-01 -2.973069250583648682e-01
1.718773320317268372e-02 1.375980079174041748e-01 -6.913914680480957031e-01 -4.748375415802001953e-01 7.719204425811767578e-01 -4.226915836334228516e-01
-7.401584088802337646e-02 2.425678819417953491e-01 -8.006938099861145020e-01 -3.285971879959106445e-01 4.022377729415893555e-01 -8.545341491699218750e-01
3.089395537972450256e-02 -1.877482235431671143e-01 -1.026898860931396484e+00 -9.444701671600341797e-01 -1.399453431367874146e-01 2.973069250583648682e-01
1.070828735828399658e-02 2.122920155525207520e-01 -8.475242853164672852e-01 -3.285971879959106445e-01 4.022377729415893555e-01 -8.545341491699218750e-01
6.618753075599670410e-02 2.064896523952484131e-01 -7.292082309722900391e-01 -9.444701671600341797e-01 -1.399453431367874146e-01 2.973069250583648682e-01
2.860748581588268280e-02 2.371165752410888672e-01 -7.250658273696899414e-01 1.953182702932674256e-17 -9.047762751579284668e-01 -4.258872270584106445e-01
-4.759271815419197083e-02 2.565306127071380615e-01 -7.663099765777587891e-01 1.953182702932674256e-17 -9.047762751579284668e-01 -4.258872270584106445e-01
-5.483611673116683960e-02 7.407906651496887207e-02 -8.873784542083740234e-01 -3.285971879959106445e-01 4.022377729415893555e-01 -8.545341491699218750e-01
7.426936179399490356e-02 1.608235538005828857e-01 -7.250297665596008301e-01 -9.444701671600341797e-01 -1.399453431367874146e-01 2.973069250583648682e-01
5.036461353302001953e-02 -9.788095951080322266e-02 -8.051940798759460449e-01 -3.285971879959106445e-01 4.022377729415893555e-01 -8.545341491699218750e-01
6.735487282276153564e-02 -4.571743682026863098e-02 -7.871735095977783203e-01 -3.285971879959106445e-01 4.022377729415893555e-01 -8.545341491699218750e-01
-4.005463048815727234e-02 -4.193932190537452698e-02 -7.961675524711608887e-01 9.444701671600341797e-01 1.399453431367874146e-01 -2.973069250583648682e-01
6.847464293241500854e-02 -9.949505329132080078e-02 -8.129177689552307129e-01 -3.285971879959106445e-01 4.022377729415893555e-01 -8.545341491699218750e-01
2.320745773613452911e-02 -2.181366682052612305e-01 -1.001105070114135742e+00 -1.953182702932674256e-17 9.047762751579284668e-01 4.258872270584106445e-01
-8.036451414227485657e-03 2.685864269733428955e-01 -8.138179183006286621e-01 -3.285971879959106445e-01 4.022377729415893555e-01 -8.545341491699218750e-01
5.704090371727943420e-02 -9.099494665861129761e-02 -8.982937932014465332e-01 -9.444701671600341797e-01 -1.399453431367874146e-01 2.973069250583648682e-01
-3.501306846737861633e-02 9.375186637043952942e-03 -9.254578351974487305e-01 -3.285971879959106445e-01 4.022377729415893555e-01 -8.545341491699218750e-01
7.768271863460540771e-02 1.129867434501647949e-01 -7.367036342620849609e-01 -9.444701671600341797e-01 -1.399453431367874146e-01 2.973069250583648682e-01
2.344224974513053894e-02 -1.773336343467235565e-02 -9.613772034645080566e-01 3.285971879959106445e-01 -4.022377729415893555e-01 8.545341491699218750e-01
4.529773071408271790e-02 1.870781183242797852e-01 -8.047071099281311035e-01 -9.444701671600341797e-01 -1.399453431367874146e-01 2.973069250583648682e-01
-3.162561357021331787e-02 -1.885363087058067322e-02 -9.240252971649169922e-01 5.749148726463317871e-01 8.030253052711486816e-01 1.569178700447082520e-01
-2.558702975511550903e-02 -1.163656637072563171e-02 -8.919146060943603516e-01 7.492328286170959473e-01 -4.398584961891174316e-01 -4.951510727405548096e-01
-6.965633481740951538e-02 2.251795679330825806e-01 -7.644692659378051758e-01 9.444701671600341797e-01 1.399453431367874146e-01 -2.973069250583648682e-01
6.736584007740020752e-02 9.255222231149673462e-02 -7.790965437889099121e-01 -9.444701671600341797e-01 -1.399453431367874146e-01 2.973069250583648682e-01
-4.518816247582435608e-02 -2.171942889690399170e-01 -8.949697613716125488e-01 9.444701671600341797e-01 1.399453431367874146e-01 -2.973069250583648682e-01
-2.792312763631343842e-03 1.105609461665153503e-01 -6.892371773719787598e-01 -6.302359700202941895e-01 2.895327508449554443e-01 -7.203980088233947754e-01
3.938860446214675903e-02 -2.461126148700714111e-01 -9.416715502738952637e-01 -1.953182702932674256e-17 9.047762751579284668e-01 4.258872270584106445e-01
-3.426153585314750671e-02 3.507411479949951172e-02 -9.136500954627990723e-01 -3.285971879959106445e-01 4.022377729415893555e-01 -8.545341491699218750e-01
7.105924934148788452e-02 4.892604798078536987e-02 -7.440483570098876953e-01 -3.285971879959106445e-01 4.022377729415893555e-01 -8.545341491699218750e-01
7.375503331422805786e-02 -8.004679530858993530e-02 -8.400437235832214355e-01 -9.444701671600341797e-01 -1.399453431367874146e-01 2.973069250583648682e-01
8.006143569946289062e-02 4.155967757105827332e-02 -7.627685070037841797e-01 -9.444701671600341797e-01 -1.399453431367874146e-01 2.973069250583648682e-01
5.406097508966922760e-03 1.687289029359817505e-01 -6.624100804328918457e-01 -3.285971879959106445e-01 4.022377729415893555e-01 -8.545341491699218750e-01
3.403217345476150513e-02 4.689631983637809753e-02 -9.064800143241882324e-01 -9.444701671600341797e-01 -1.399453431367874146e-01 2.973069250583648682e-01
5.771200358867645264e-02 -1.132416203618049622e-01 -9.066336154937744141e-01 -9.444701671600341797e-01 -1.399453431367874146e-01 2.973069250583648682e-01
-2.913700044155120850e-02 2.574745006859302521e-02 -9.200108051300048828e-01 -3.285971879959106445e-01 4.022377729415893555e-01 -8.545341491699218750e-01
-3.010785579681396484e-02 -4.728448390960693359e-02 -7.670851349830627441e-01 9.444701671600341797e-01 1.399453431367874146e-01 -2.973069250583648682e-01
-3.426386415958404541e-02 -5.556977167725563049e-02 -7.841877341270446777e-01 9.444701671600341797e-01 1.399453431367874146e-01 -2.973069250583648682e-01
-6.146482191979885101e-03 -2.564198076725006104e-01 -9.197744131088256836e-01 -1.953182702932674256e-17 9.047762751579284668e-01 4.258872270584106445e-01
-4.902357608079910278e-02 1.982495784759521484e-01 -8.311652541160583496e-01 -3.285971879959106445e-01 4.022377729415893555e-01 -8.545341491699218750e-01
-7.471906393766403198e-02 1.751349121332168579e-02 -8.783028125762939453e-01 9.444701671600341797e-01 1.399453431367874146e-01 -2.973069250583648682e-01
-6.657641381025314331e-02 -1.894701421260833740e-01 -1.006919145584106445e+00 -3.285971879959106445e-01 4.022377729415893555e-01 -8.545341491699218750e-01
-2.095179259777069092e-02 -1.298122555017471313e-01 -9.925563931465148926e-01 -4.085494875907897949e-01 2.631543576717376709e-01 8.739777207374572754e-01
-7.682675868272781372e-02 -2.105236351490020752e-01 -9.923377633094787598e-01 9.444701671600341797e-01 1.399453431367874146e-01 -2.973069250583648682e-01
-1.658434048295021057e-02 1.597674936056137085e-01 -8.617531657218933105e-01 -3.285971879959106445e-01 4.022377729415893555e-01 -8.545341491699218750e-01
-7.015114184468984604e-03 2.267778813838958740e-01 -7.031018137931823730e-01 1.953182702932674256e-17 -9.047762751579284668e-01 -4.258872270584106445e-01
7.623676210641860962e-02 1.519666463136672974e-01 -7.229488492012023926e-01 -9.444701671600341797e-01 -1.399453431367874146e-01 2.973069250583648682e-01
2.060382813215255737e-02 -8.700343966484069824e-02 -8.004162907600402832e-01 3.092284798622131348e-01 4.235329031944274902e-01 8.514679670333862305e-01
-3.628117591142654419e-02 -2.695756256580352783e-01 -8.918255567550659180e-01 -1.953182702932674256e-17 9.047762751579284668e-01 4.258872270584106445e-01
-5.701412260532379150e-02 -9.213426709175109863e-02 -8.736709356307983398e-01 9.444701671600341797e-01 1.399453431367874146e-01 -2.973069250583648682e-01
1.795714162290096283e-02 1.869612932205200195e-01 -6.586542129516601562e-01 -3.285971879959106445e-01 4.022377729415893555e-01 -8.545341491699218750e-01
7.044000178575515747e-02 1.389405578374862671e-01 -7.474952340126037598e-01 -9.444701671600341797e-01 -1.399453431367874146e-01 2.973069250583648682e-01
-3.384292125701904297e-02 -1.839260458946228027e-01 -1.003925561904907227e+00 1.039113327860832214e-01 -9.855448603630065918e-01 -1.338053643703460693e-01
-7.092061638832092285e-02 -1.616572141647338867e-01 -9.505735039710998535e-01 9.444701671600341797e-01 1.399453431367874146e-01 -2.973069250583648682e-01
-1.446325052529573441e-02 1.771413683891296387e-01 -8.543907403945922852e-01 -3.285971879959106445e-01 4.022377729415893555e-01 -8.545341491699218750e-01
-8.472077548503875732e-03 2.220406234264373779e-01 -8.060065507888793945e-01 7.650910019874572754e-01 -4.480670094490051270e-01 -4.624627828598022461e-01
6.059537827968597412e-02 1.786362379789352417e-01 -6.789687275886535645e-01 -3.285971879959106445e-01 4.022377729415893555e-01 -8.545341491699218750e-01
-4.687479883432388306e-02 -2.082658000290393829e-02 -8.078956007957458496e-01 9.444701671600341797e-01 1.399453431367874146e-01 -2.973069250583648682e-01
-7.280671596527099609e-02 1.259606629610061646e-01 -8.560469746589660645e-01 -3.285971879959106445e-01 4.022377729415893555e-01 -8.545341491699218750e-01
-4.878508672118186951e-02 1.023739427328109741e-01 -8.763865828514099121e-01 -3.285971879959106445e-01 4.022377729415893555e-01 -8.545341491699218750e-01
-2.547751180827617645e-02 2.575500309467315674e-01 -7.684756517410278320e-01 1.953182702932674256e-17 -9.047762751579284668e-01 -4.258872270584106445e-01
-1.588628813624382019e-02 -1.564945653080940247e-02 -8.753296732902526855e-01 5.749688148498535156e-01 -6.326034665107727051e-01 -5.188676714897155762e-01
-1.819963753223419189e-02 -1.566300243139266968e-01 -9.988487362861633301e-01 2.799586057662963867e-01 1.310167908668518066e-01 9.510297775268554688e-01
-1.717706210911273956e-02 -9.117393195629119873e-02 -9.796458482742309570e-01 -3.285971879959106445e-01 4.022377729415893555e-01 -8.545341491699218750e-01
-6.486658751964569092e-02 -2.221528589725494385e-01 -9.925728440284729004e-01 -1.953182702932674256e-17 9.047762751579284668e-01 4.258872270584106445e-01
4.312712462706258520e-06 6.384128332138061523e-02 -7.097045779228210449e-01 -3.285971879959106445e-01 4.022377729415893555e-01 -8.545341491699218750e-01
-3.871059790253639221e-02 -1.797870993614196777e-01 -9.951148033142089844e-01 -7.920937538146972656e-01 -2.599613368511199951e-01 5.522749423980712891e-01
-7.068405300378799438e-02 2.622589841485023499e-02 -8.613835573196411133e-01 9.444701671600341797e-01 1.399453431367874146e-01 -2.973069250583648682e-01
4.865209385752677917e-02 1.617856323719024658e-01 -8.059566020965576172e-01 -9.444701671600341797e-01 -1.399453431367874146e-01 2.973069250583648682e-01
4.788603633642196655e-02 1.533232927322387695e-01 -8.123734593391418457e-01 -9.444701671600341797e-01 -1.399453431367874146e-01 2.973069250583648682e-01
-5.901362746953964233e-03 -2.326675504446029663e-01 -8.470032811164855957e-01 -3.285971879959106445e-01 4.022377729415893555e-01 -8.545341491699218750e-01
4.400591924786567688e-02 -1.634851545095443726e-01 -9.738245606422424316e-01 -9.444701671600341797e-01 -1.399453431367874146e-01 2.973069250583648682e-01
-4.080701619386672974e-02 -2.528317272663116455e-01 -8.978269100189208984e-01 9.444701671600341797e-01 1.399453431367874146e-01 -2.973069250583648682e-01
6.128550693392753601e-02 -1.311995834112167358e-01 -9.037344455718994141e-01 -9.444701671600341797e-01 -1.399453431367874146e-01 2.973069250583648682e-01
-6.202571839094161987e-02 -1.086098477244377136e-01 -8.973467350006103516e-01 9.444701671600341797e-01 1.399453431367874146e-01 -2.973069250583648682e-01
-1.407405547797679901e-02 -2.484990060329437256e-01 -9.366017580032348633e-01 -1.953182702932674256e-17 9.047762751579284668e-01 4.258872270584106445e-01
-5.966873094439506531e-02 -1.441975235939025879e-01 -9.066106677055358887e-01 9.444701671600341797e-01 1.399453431367874146e-01 -2.973069250583648682e-01
4.552661255002021790e-02 1.590768396854400635e-01 -8.171605467796325684e-01 -9.444701671600341797e-01 -1.399453431367874146e-01 2.973069250583648682e-01
-6.304612755775451660e-02 3.491211682558059692e-02 -8.330311179161071777e-01 9.444701671600341797e-01 1.399453431367874146e-01 -2.973069250583648682e-01
7.132142037153244019e-02 1.989993900060653687e-01 -6.735081076622009277e-01 -3.285971879959106445e-01 4.022377729415893555e-01 -8.545341491699218750e-01
