5.174877867102622986e-02 1.010612472891807556e-01 -9.261253476142883301e-01 -1.594685768738519764e-17 8.798698782920837402e-01 4.752146601676940918e-01
-6.861390173435211182e-02 2.551503479480743408e-02 -8.304654955863952637e-01 -9.326787590980529785e-01 -1.714137792587280273e-01 3.173762261867523193e-01
4.546921700239181519e-02 7.627841085195541382e-02 -8.016892671585083008e-01 -3.607081174850463867e-01 4.432226121425628662e-01 -8.206359744071960449e-01
2.683023549616336823e-02 2.163400202989578247e-01 -1.044613718986511230e+00 -1.594685768738519764e-17 8.798698782920837402e-01 4.752146601676940918e-01
-1.467935834079980850e-02 5.098135769367218018e-02 -8.334013223648071289e-01 -1.594685768738519764e-17 8.798698782920837402e-01 4.752146601676940918e-01
3.669447079300880432e-02 1.297975033521652222e-01 -8.843784332275390625e-01 -1.594685768738519764e-17 8.798698782920837402e-01 4.752146601676940918e-01
-8.621682226657867432e-02 1.269432902336120605e-01 -9.363870620727539062e-01 3.607081174850463867e-01 -4.432226121425628662e-01 8.206359744071960449e-01
-7.560018450021743774e-03 -8.116180449724197388e-02 -7.074974179267883301e-01 9.324995279312133789e-01 1.541343629360198975e-01 -3.266299962997436523e-01
3.244382515549659729e-02 1.745333522558212280e-02 -8.277351856231689453e-01 -3.607081174850463867e-01 4.432226121425628662e-01 -8.206359744071960449e-01
-2.172126248478889465e-02 2.169008702039718628e-01 -1.081108093261718750e+00 -3.607081174850463867e-01 4.432226121425628662e-01 -8.206359744071960449e-01
-2.284489572048187256e-02 -2.116537466645240784e-02 -7.211753129959106445e-01 -9.326787590980529785e-01 -1.714137792587280273e-01 3.173762261867523193e-01
-2.380070462822914124e-02 6.341513246297836304e-02 -7.781893014907836914e-01 -3.607081174850463867e-01 4.432226121425628662e-01 -8.206359744071960449e-01
-3.251026570796966553e-02 1.730964779853820801e-01 -9.645473361015319824e-01 -1.594685768738519764e-17 8.798698782920837402e-01 4.752146601676940918e-01
-7.470159977674484253e-02 1.670932471752166748e-01 -9.534322619438171387e-01 -1.594685768738519764e-17 8.798698782920837402e-01 4.752146601676940918e-01
-1.153988763689994812e-01 1.056336238980293274e-01 -1.013720631599426270e+00 1.594685768738519764e-17 -8.798698782920837402e-01 -4.752146601676940918e-01
-1.131497099995613098e-01 7.517881691455841064e-02 -9.345203638076782227e-01 -9.326787590980529785e-01 -1.714137792587280273e-01 3.173762261867523193e-01
-9.476239793002605438e-03 -9.716510027647018433e-02 -7.070378065109252930e-01 3.606387674808502197e-01 -4.603864252567291260e-01 8.111620545387268066e-01
5.641807243227958679e-02 3.614694625139236450e-02 -8.281766772270202637e-01 -3.607081174850463867e-01 4.432226121425628662e-01 -8.206359744071960449e-01
-1.251896768808364868e-01 8.420729637145996094e-02 -9.176340103149414062e-01 -9.326787590980529785e-01 -1.714137792587280273e-01 3.173762261867523193e-01
2.106772921979427338e-02 1.658130884170532227e-01 -1.095392823219299316e+00 9.326787590980529785e-01 1.714137792587280273e-01 -3.173762261867523193e-01
2.459424547851085663e-02 1.654584556818008423e-01 -1.085220932960510254e+00 9.326787590980529785e-01 1.714137792587280273e-01 -3.173762261867523193e-01
1.066492125391960144e-01 1.002727821469306946e-01 -8.792911171913146973e-01 9.326787590980529785e-01 1.714137792587280273e-01 -3.173762261867523193e-01
1.107065677642822266e-01 -3.420500084757804871e-02 -7.250778675079345703e-01 3.607081174850463867e-01 -4.432226121425628662e-01 8.206359744071960449e-01
-8.502305299043655396e-02 2.059552818536758423e-01 -1.025386095046997070e+00 -1.594685768738519764e-17 8.798698782920837402e-01 4.752146601676940918e-01
1.189726591110229492e-01 -2.884888835251331329e-02 -7.647234201431274414e-01 1.594685768738519764e-17 -8.798698782920837402e-01 -4.752146601676940918e-01
-9.686078876256942749e-02 2.631925791501998901e-02 -8.656485676765441895e-01 -9.326787590980529785e-01 -1.714137792587280273e-01 3.173762261867523193e-01
-9.069581329822540283e-02 1.069719716906547546e-01 -9.370691180229187012e-01 -1.594685768738519764e-17 8.798698782920837402e-01 4.752146601676940918e-01
1.725397258996963501e-01 -4.949011281132698059e-02 -7.654017806053161621e-01 9.324995279312133789e-01 1.541343927383422852e-01 -3.266299664974212646e-01
-1.406177431344985962e-01 1.174758449196815491e-01 -9.923966526985168457e-01 -9.326787590980529785e-01 -1.714137792587280273e-01 3.173762261867523193e-01
-1.400571409612894058e-02 1.647102087736129761e-01 -9.490200281143188477e-01 -1.594685768738519764e-17 8.798698782920837402e-01 4.752146601676940918e-01
1.292642299085855484e-02 5.514477193355560303e-02 -1.168187737464904785e+00 3.606387674808502197e-01 -4.603864848613739014e-01 8.111620545387268066e-01
-5.398729071021080017e-02 2.178432196378707886e-01 -1.066416740417480469e+00 -3.607081174850463867e-01 4.432226121425628662e-01 -8.206359744071960449e-01
6.431390531361103058e-03 7.518655806779861450e-02 -8.782177567481994629e-01 -1.594685768738519764e-17 8.798698782920837402e-01 4.752146601676940918e-01
-7.254423201084136963e-02 8.122101426124572754e-02 -7.944380044937133789e-01 -1.594685768738519764e-17 8.798698782920837402e-01 4.752146601676940918e-01
-7.557506859302520752e-02 2.213574498891830444e-01 -1.055029869079589844e+00 -3.607081174850463867e-01 4.432226121425628662e-01 -8.206359744071960449e-01
-3.342014178633689880e-02 1.367798298597335815e-01 -1.071388483047485352e+00 1.594685768738519764e-17 -8.798698782920837402e-01 -4.752146601676940918e-01
-1.500089168548583984e-01 1.379563510417938232e-01 -9.615409970283508301e-01 -9.326787590980529785e-01 -1.714137792587280273e-01 3.173762261867523193e-01
5.861483979970216751e-03 -3.956384211778640747e-02 -7.448844313621520996e-01 1.594685768738519764e-17 -8.798698782920837402e-01 -4.752146601676940918e-01
-2.716843970119953156e-02 7.353123277425765991e-02 -8.751528859138488770e-01 -1.594685768738519764e-17 8.798698782920837402e-01 4.752146601676940918e-01
4.438081011176109314e-02 1.081545054912567139e-01 -1.018388032913208008e+00 1.594685768738519764e-17 -8.798698782920837402e-01 -4.752146601676940918e-01
9.379994869232177734e-02 3.568943589925765991e-02 -8.448548316955566406e-01 -3.607081174850463867e-01 4.432226121425628662e-01 -8.206359744071960449e-01
-1.602519154548645020e-01 1.837057769298553467e-01 -9.841907024383544922e-01 -1.594685768738519764e-17 8.798698782920837402e-01 4.752146601676940918e-01
1.550108790397644043e-01 -5.539094563573598862e-03 -7.943184971809387207e-01 9.326787590980529785e-01 1.714137792587280273e-01 -3.173762261867523193e-01
-7.471195608377456665e-02 7.353732734918594360e-02 -7.802115082740783691e-01 -1.594685768738519764e-17 8.798698782920837402e-01 4.752146601676940918e-01
-1.234948486089706421e-01 1.408753693103790283e-01 -1.077434897422790527e+00 -3.607081174850463867e-01 4.432226121425628662e-01 -8.206359744071960449e-01
6.389670073986053467e-03 -6.412373483180999756e-02 -6.953846812248229980e-01 3.607081174850463867e-01 -4.432226121425628662e-01 8.206359744071960449e-01
6.150134839117527008e-03 2.262708246707916260e-01 -1.063000798225402832e+00 -1.594685768738519764e-17 8.798698782920837402e-01 4.752146601676940918e-01
1.074954401701688766e-02 -2.841023355722427368e-02 -6.780123114585876465e-01 3.607081174850463867e-01 -4.432226121425628662e-01 8.206359744071960449e-01
-8.823466300964355469e-02 4.417559504508972168e-02 -8.780468702316284180e-01 -9.326787590980529785e-01 -1.714137792587280273e-01 3.173762261867523193e-01
1.713401228189468384e-01 -1.096673030406236649e-02 -7.492629289627075195e-01 9.326787590980529785e-01 1.714137792587280273e-01 -3.173762261867523193e-01
1.890773698687553406e-02 2.003369182348251343e-01 -1.014983654022216797e+00 -1.594685768738519764e-17 8.798698782920837402e-01 4.752146601676940918e-01
-1.408129930496215820e-01 1.650481671094894409e-01 -9.496457576751708984e-01 -1.594685768738519764e-17 8.798698782920837402e-01 4.752146601676940918e-01
1.068666875362396240e-01 1.099407747387886047e-01 -8.476132750511169434e-01 -1.594685768738519764e-17 8.798698782920837402e-01 4.752146601676940918e-01
5.490761995315551758e-02 1.817601025104522705e-01 -9.873340129852294922e-01 9.326787590980529785e-01 1.714137792587280273e-01 -3.173762261867523193e-01
-2.168470062315464020e-02 6.154801696538925171e-03 -6.556180715560913086e-01 -9.326787590980529785e-01 -1.714137792587280273e-01 3.173762261867523193e-01
-9.834812581539154053e-02 9.347308427095413208e-02 -8.337498307228088379e-01 -9.326787590980529785e-01 -1.714137792587280273e-01 3.173762261867523193e-01
-6.684263050556182861e-02 1.014662161469459534e-01 -8.319224119186401367e-01 -1.594685768738519764e-17 8.798698782920837402e-01 4.752146601676940918e-01
-1.012604869902133942e-02 -1.345875486731529236e-02 -6.796358823776245117e-01 -9.326787590980529785e-01 -1.714137792587280273e-01 3.173762261867523193e-01
1.612017117440700531e-02 4.260860383510589600e-02 -8.178989887237548828e-01 -1.594685768738519764e-17 8.798698782920837402e-01 4.752146601676940918e-01
-7.620330154895782471e-02 5.941246449947357178e-02 -8.490117192268371582e-01 -1.594685768738519764e-17 8.798698782920837402e-01 4.752146601676940918e-01
6.745765358209609985e-02 -3.224628744646906853e-03 -6.893355846405029297e-01 3.607081174850463867e-01 -4.432226121425628662e-01 8.206359744071960449e-01
-4.014811664819717407e-02 -2.119688317179679871e-02 -7.246493697166442871e-01 -9.326787590980529785e-01 -1.714137792587280273e-01 3.173762261867523193e-01
1.635712832212448120e-01 -1.906382292509078979e-01 -8.467985987663269043e-01 -3.606387674808502197e-01 4.258882999420166016e-01 -8.297944068908691406e-01
1.183138135820627213e-02 2.112803757190704346e-01 -1.035245656967163086e+00 -1.594685768738519764e-17 8.798698782920837402e-01 4.752146601676940918e-01
1.984779955819249153e-03 5.593423917889595032e-02 -7.476190328598022461e-01 -1.594685768738519764e-17 8.798698782920837402e-01 4.752146601676940918e-01
9.656907618045806885e-02 9.155067056417465210e-02 -8.135635852813720703e-01 -1.594685768738519764e-17 8.798698782920837402e-01 4.752146601676940918e-01
-9.481202065944671631e-02 1.574670523405075073e-01 -9.356091618537902832e-01 -1.594685768738519764e-17 8.798698782920837402e-01 4.752146601676940918e-01
1.691845655441284180e-01 -1.969090253114700317e-01 -8.445462584495544434e-01 9.324995279312133789e-01 1.541343927383422852e-01 -3.266299664974212646e-01
-4.971320927143096924e-02 1.886842399835586548e-02 -7.311193346977233887e-01 -9.326787590980529785e-01 -1.714137792587280273e-01 3.173762261867523193e-01
3.837075456976890564e-02 5.711541511118412018e-03 -6.717240810394287109e-01 3.607081174850463867e-01 -4.432226121425628662e-01 8.206359744071960449e-01
3.567212447524070740e-02 -3.991792351007461548e-02 -7.442288398742675781e-01 1.594685768738519764e-17 -8.798698782920837402e-01 -4.752146601676940918e-01
-3.832900524139404297e-02 -6.415117532014846802e-03 -8.062587976455688477e-01 1.594685768738519764e-17 -8.798698782920837402e-01 -4.752146601676940918e-01
1.644987761974334717e-01 -1.400380134582519531e-01 -8.087195158004760742e-01 3.606387674808502197e-01 -4.603864252567291260e-01 8.111620545387268066e-01
3.902940824627876282e-02 4.816193133592605591e-02 -8.281811475753784180e-01 -1.594685768738519764e-17 8.798698782920837402e-01 4.752146601676940918e-01
5.142303928732872009e-02 1.652654111385345459e-01 -9.500479698181152344e-01 -1.594685768738519764e-17 8.798698782920837402e-01 4.752146601676940918e-01
-7.351501286029815674e-02 1.504130661487579346e-01 -1.094252109527587891e+00 -3.607081174850463867e-01 4.432226121425628662e-01 -8.206359744071960449e-01
-4.603114724159240723e-02 8.594166487455368042e-02 -9.761953949928283691e-01 3.607081174850463867e-01 -4.432226121425628662e-01 8.206359744071960449e-01
-3.349864110350608826e-02 2.780787460505962372e-02 -7.931579351425170898e-01 -3.607081174850463867e-01 4.432226121425628662e-01 -8.206359744071960449e-01
8.428018540143966675e-03 8.393805474042892456e-02 -8.944213390350341797e-01 -1.594685768738519764e-17 8.798698782920837402e-01 4.752146601676940918e-01
-1.735071241855621338e-01 -2.234633266925811768e-02 -1.143607616424560547e+00 -3.607081174850463867e-01 4.432226121425628662e-01 -8.206359744071960449e-01
-6.247173529118299484e-03 6.836470961570739746e-02 -8.655869960784912109e-01 -1.594685768738519764e-17 8.798698782920837402e-01 4.752146601676940918e-01
7.673828303813934326e-02 1.082329526543617249e-01 -9.394038915634155273e-01 -1.594685768738519764e-17 8.798698782920837402e-01 4.752146601676940918e-01
9.183531254529953003e-02 -2.580585703253746033e-02 -7.703576683998107910e-01 1.594685768738519764e-17 -8.798698782920837402e-01 -4.752146601676940918e-01
-1.161883473396301270e-01 1.385179013013839722e-01 -9.169617891311645508e-01 3.607081174850463867e-01 -4.432226121425628662e-01 8.206359744071960449e-01
9.788850694894790649e-02 1.079077553004026413e-02 -6.951416730880737305e-01 3.607081174850463867e-01 -4.432226121425628662e-01 8.206359744071960449e-01
4.227573052048683167e-03 -3.363772854208946228e-02 -7.558567523956298828e-01 1.594685768738519764e-17 -8.798698782920837402e-01 -4.752146601676940918e-01
1.180627122521400452e-01 -2.133122086524963379e-02 -7.786425352096557617e-01 1.594685768738519764e-17 -8.798698782920837402e-01 -4.752146601676940918e-01
1.104029193520545959e-01 9.974230825901031494e-02 -8.685465455055236816e-01 9.326787590980529785e-01 1.714137792587280273e-01 -3.173762261867523193e-01
1.460366994142532349e-01 3.684237017296254635e-04 -8.175004720687866211e-01 9.326787590980529785e-01 1.714137792587280273e-01 -3.173762261867523193e-01
-5.916096735745668411e-03 1.005404666066169739e-01 -1.004290461540222168e+00 1.594685768738519764e-17 -8.798698782920837402e-01 -4.752146601676940918e-01
3.078612871468067169e-02 9.643274545669555664e-02 -8.226028680801391602e-01 -1.594685768738519764e-17 8.798698782920837402e-01 4.752146601676940918e-01
4.755817353725433350e-02 7.536687701940536499e-02 -8.785516619682312012e-01 -1.594685768738519764e-17 8.798698782920837402e-01 4.752146601676940918e-01
5.112153664231300354e-02 1.114031597971916199e-01 -1.005146980285644531e+00 3.607081174850463867e-01 -4.432226121425628662e-01 8.206359744071960449e-01
-1.085326448082923889e-02 1.556280553340911865e-01 -9.322041869163513184e-01 -1.594685768738519764e-17 8.798698782920837402e-01 4.752146601676940918e-01
9.548031538724899292e-02 9.494557231664657593e-02 -9.148020148277282715e-01 -1.594685768738519764e-17 8.798698782920837402e-01 4.752146601676940918e-01
1.031892746686935425e-02 -6.062644999474287033e-03 -6.657531857490539551e-01 3.607081174850463867e-01 -4.432226121425628662e-01 8.206359744071960449e-01
-8.305577188730239868e-02 8.306048065423965454e-02 -9.614774584770202637e-01 3.607081174850463867e-01 -4.432226121425628662e-01 8.206359744071960449e-01
1.718155741691589355e-01 -4.414822906255722046e-02 -7.575488090515136719e-01 3.606387674808502197e-01 -4.603864252567291260e-01 8.111620545387268066e-01
-1.792566627264022827e-01 4.382250458002090454e-02 -1.105342864990234375e+00 -3.607081174850463867e-01 4.432226121425628662e-01 -8.206359744071960449e-01
3.096117265522480011e-02 1.838477998971939087e-01 -1.056578278541564941e+00 9.326787590980529785e-01 1.714137792587280273e-01 -3.173762261867523193e-01
2.874398790299892426e-02 1.476251184940338135e-01 -9.173865914344787598e-01 -1.594685768738519764e-17 8.798698782920837402e-01 4.752146601676940918e-01
1.692750453948974609e-01 -1.429958851076662540e-03 -7.501808404922485352e-01 9.326787590980529785e-01 1.714137792587280273e-01 -3.173762261867523193e-01
2.745727263391017914e-02 1.636070609092712402e-01 -1.077807188034057617e+00 9.326787590980529785e-01 1.714137792587280273e-01 -3.173762261867523193e-01
1.010740175843238831e-01 1.475693425163626671e-04 -7.022902369499206543e-01 3.607081174850463867e-01 -4.432226121425628662e-01 8.206359744071960449e-01
6.775714457035064697e-02 4.809141159057617188e-02 -8.267095685005187988e-01 -3.607081174850463867e-01 4.432226121425628662e-01 -8.206359744071960449e-01
4.162862524390220642e-02 1.505156159400939941e-01 -9.227384328842163086e-01 -1.594685768738519764e-17 8.798698782920837402e-01 4.752146601676940918e-01
-9.054852277040481567e-02 5.273064598441123962e-02 -8.802260756492614746e-01 -9.326787590980529785e-01 -1.714137792587280273e-01 3.173762261867523193e-01
6.024106964468955994e-02 1.062469184398651123e-01 -1.011940240859985352e+00 3.607081174850463867e-01 -4.432226121425628662e-01 8.206359744071960449e-01
1.565318554639816284e-01 -8.396094292402267456e-02 -7.889875769615173340e-01 -3.606387674808502197e-01 4.258882999420166016e-01 -8.297944068908691406e-01
-6.646949052810668945e-02 4.567474126815795898e-02 -7.658832669258117676e-01 -9.326787590980529785e-01 -1.714137792587280273e-01 3.173762261867523193e-01
-9.901835024356842041e-02 1.509584039449691772e-01 -9.235582351684570312e-01 -1.594685768738519764e-17 8.798698782920837402e-01 4.752146601676940918e-01
1.605930626392364502e-01 -1.829970180988311768e-01 -8.368637561798095703e-01 -9.324995279312133789e-01 -1.886272877454757690e-01 3.080004751682281494e-01
-6.943241506814956665e-02 4.107606410980224609e-02 -8.244664072990417480e-01 -9.326787590980529785e-01 -1.714137792587280273e-01 3.173762261867523193e-01
-5.713035911321640015e-02 -2.231171540915966034e-02 -7.751574516296386719e-01 -9.326787590980529785e-01 -1.714137792587280273e-01 3.173762261867523193e-01
-8.423678576946258545e-03 2.153877466917037964e-01 -1.087770223617553711e+00 -3.607081174850463867e-01 4.432226121425628662e-01 -8.206359744071960449e-01
2.381799928843975067e-02 -1.862968900240957737e-03 -6.694184541702270508e-01 3.607081174850463867e-01 -4.432226121425628662e-01 8.206359744071960449e-01
6.620830297470092773e-02 1.025535315275192261e-01 -9.288883209228515625e-01 -1.594685768738519764e-17 8.798698782920837402e-01 4.752146601676940918e-01
6.180327013134956360e-02 2.369409054517745972e-02 -6.879256963729858398e-01 -1.594685768738519764e-17 8.798698782920837402e-01 4.752146601676940918e-01
-2.049525827169418335e-02 -3.503743186593055725e-02 -7.217626571655273438e-01 -9.326787590980529785e-01 -1.714137792587280273e-01 3.173762261867523193e-01
-1.922054775059223175e-02 -2.852483838796615601e-02 -6.671069860458374023e-01 -9.326787590980529785e-01 -1.714137792587280273e-01 3.173762261867523193e-01
8.029989898204803467e-02 -3.986253403127193451e-03 -8.107571005821228027e-01 1.594685768738519764e-17 -8.798698782920837402e-01 -4.752146601676940918e-01
2.424438670277595520e-02 5.167388007976114750e-04 -8.190944790840148926e-01 1.594685768738519764e-17 -8.798698782920837402e-01 -4.752146601676940918e-01
5.385634675621986389e-02 8.342387527227401733e-02 -7.985166311264038086e-01 -1.594685768738519764e-17 8.798698782920837402e-01 4.752146601676940918e-01
4.326032102108001709e-02 9.013384580612182617e-02 -9.058930277824401855e-01 -1.594685768738519764e-17 8.798698782920837402e-01 4.752146601676940918e-01
-1.617098599672317505e-01 1.886910200119018555e-01 -9.934209585189819336e-01 -1.594685768738519764e-17 8.798698782920837402e-01 4.752146601676940918e-01
7.988536357879638672e-02 -3.295528143644332886e-02 -7.571203112602233887e-01 1.594685768738519764e-17 -8.798698782920837402e-01 -4.752146601676940918e-01
-1.786660254001617432e-01 8.427479863166809082e-02 -1.083754420280456543e+00 -3.607081174850463867e-01 4.432226121425628662e-01 -8.206359744071960449e-01
1.675693131983280182e-02 -5.520353093743324280e-02 -6.951238512992858887e-01 3.607081174850463867e-01 -4.432226121425628662e-01 8.206359744071960449e-01
-1.279011517763137817e-01 1.496822834014892578e-01 -9.376316666603088379e-01 -9.326787590980529785e-01 -1.714137792587280273e-01 3.173762261867523193e-01
6.493319961009547114e-05 1.292869597673416138e-01 -8.834331035614013672e-01 -1.594685768738519764e-17 8.798698782920837402e-01 4.752146601676940918e-01
-2.155199460685253143e-02 1.104850098490715027e-01 -8.486208915710449219e-01 -1.594685768738519764e-17 8.798698782920837402e-01 4.752146601676940918e-01
-4.801406711339950562e-02 1.396972592920064926e-02 -7.761639952659606934e-01 -9.326787590980529785e-01 -1.714137792587280273e-01 3.173762261867523193e-01
2.434945851564407349e-02 7.478009909391403198e-02 -7.825125455856323242e-01 -1.594685768738519764e-17 8.798698782920837402e-01 4.752146601676940918e-01
-6.939761806279420853e-03 1.271021813154220581e-01 -8.793879747390747070e-01 -1.594685768738519764e-17 8.798698782920837402e-01 4.752146601676940918e-01
-4.477451369166374207e-02 5.730263888835906982e-02 -7.501526474952697754e-01 -1.594685768738519764e-17 8.798698782920837402e-01 4.752146601676940918e-01
4.519306495785713196e-02 1.166746765375137329e-01 -1.034163355827331543e+00 1.594685768738519764e-17 -8.798698782920837402e-01 -4.752146601676940918e-01
1.095017567276954651e-01 8.038484305143356323e-02 -8.816497325897216797e-01 9.326787590980529785e-01 1.714137792587280273e-01 -3.173762261867523193e-01
-1.550112478435039520e-02 -4.518811404705047607e-02 -6.755356192588806152e-01 3.607081174850463867e-01 -4.432226121425628662e-01 8.206359744071960449e-01
1.834762515500187874e-04 6.211433187127113342e-02 -8.540142774581909180e-01 -1.594685768738519764e-17 8.798698782920837402e-01 4.752146601676940918e-01
-3.676517680287361145e-02 -2.641171403229236603e-02 -7.692359089851379395e-01 1.594685768738519764e-17 -8.798698782920837402e-01 -4.752146601676940918e-01
4.654650762677192688e-02 -1.976292207837104797e-02 -7.815462350845336914e-01 1.594685768738519764e-17 -8.798698782920837402e-01 -4.752146601676940918e-01
7.153239566832780838e-03 1.006465256214141846e-01 -9.253574609756469727e-01 -1.594685768738519764e-17 8.798698782920837402e-01 4.752146601676940918e-01
-4.813957959413528442e-02 1.289366483688354492e-01 -9.520472288131713867e-01 3.607081174850463867e-01 -4.432226121425628662e-01 8.206359744071960449e-01
-1.976642198860645294e-02 -8.804424107074737549e-02 -7.022402882575988770e-01 -9.324995279312133789e-01 -1.886298954486846924e-01 3.079990744590759277e-01
7.107649743556976318e-02 1.636974811553955078e-01 -9.495738148689270020e-01 9.326787590980529785e-01 1.714137792587280273e-01 -3.173762261867523193e-01
-1.560914963483810425e-01 1.078766062855720520e-01 -9.956619739532470703e-01 -9.326787590980529785e-01 -1.714137792587280273e-01 3.173762261867523193e-01
-1.158062517642974854e-01 1.481105685234069824e-01 -9.182854294776916504e-01 -1.594685768738519764e-17 8.798698782920837402e-01 4.752146601676940918e-01
-1.358878314495086670e-01 9.566877037286758423e-02 -9.902747273445129395e-01 -9.326787590980529785e-01 -1.714137792587280273e-01 3.173762261867523193e-01
-3.239192813634872437e-02 -5.132989957928657532e-03 -6.931800842285156250e-01 -9.326787590980529785e-01 -1.714137792587280273e-01 3.173762261867523193e-01
-8.069620281457901001e-02 4.135827347636222839e-02 -8.574150800704956055e-01 -9.326787590980529785e-01 -1.714137792587280273e-01 3.173762261867523193e-01
-2.654493600130081177e-02 1.544863823801279068e-02 -7.122735977172851562e-01 -9.326787590980529785e-01 -1.714137792587280273e-01 3.173762261867523193e-01
-7.334292680025100708e-02 1.338765174150466919e-01 -8.919307589530944824e-01 -1.594685768738519764e-17 8.798698782920837402e-01 4.752146601676940918e-01
1.128691807389259338e-02 1.726332008838653564e-01 -1.119525551795959473e+00 -3.607081174850463867e-01 4.432226121425628662e-01 -8.206359744071960449e-01
-4.891606047749519348e-02 1.117297261953353882e-01 -9.458782076835632324e-01 -1.594685768738519764e-17 8.798698782920837402e-01 4.752146601676940918e-01
1.748313196003437042e-02 -2.048750873655080795e-03 -6.667343378067016602e-01 3.607081174850463867e-01 -4.432226121425628662e-01 8.206359744071960449e-01
1.266221865080296993e-03 1.016884967684745789e-01 -1.144891142845153809e+00 -9.324995279312133789e-01 -1.886272877454757690e-01 3.080004751682281494e-01
1.704167723655700684e-01 3.839156404137611389e-02 -7.253181934356689453e-01 9.326787590980529785e-01 1.714137792587280273e-01 -3.173762261867523193e-01
-2.566940151154994965e-02 9.903399646282196045e-02 -8.274191021919250488e-01 -1.594685768738519764e-17 8.798698782920837402e-01 4.752146601676940918e-01
4.509371519088745117e-02 5.279234424233436584e-02 -8.367544412612915039e-01 -1.594685768738519764e-17 8.798698782920837402e-01 4.752146601676940918e-01
7.349192351102828979e-02 1.561495661735534668e-01 -9.465521574020385742e-01 9.326787590980529785e-01 1.714137792587280273e-01 -3.173762261867523193e-01
-1.125243231654167175e-01 1.645096242427825928e-01 -9.486486315727233887e-01 -1.594685768738519764e-17 8.798698782920837402e-01 4.752146601676940918e-01
-2.383501082658767700e-02 2.043117731809616089e-01 -1.086978316307067871e+00 -3.607081174850463867e-01 4.432226121425628662e-01 -8.206359744071960449e-01
-1.634704023599624634e-01 1.467867791652679443e-01 -9.963312149047851562e-01 -9.326787590980529785e-01 -1.714137792587280273e-01 3.173762261867523193e-01
-1.035928651690483093e-01 1.019127443432807922e-01 -1.006831288337707520e+00 1.594685768738519764e-17 -8.798698782920837402e-01 -4.752146601676940918e-01
2.017376385629177094e-02 3.342445194721221924e-02 -7.059416770935058594e-01 -1.594685768738519764e-17 8.798698782920837402e-01 4.752146601676940918e-01
1.794695854187011719e-02 9.753397107124328613e-02 -9.980558156967163086e-01 3.607081174850463867e-01 -4.432226121425628662e-01 8.206359744071960449e-01
3.044192679226398468e-02 1.700007729232311249e-02 -6.755316257476806641e-01 -1.594685768738519764e-17 8.798698782920837402e-01 4.752146601676940918e-01
-1.070130765438079834e-01 1.685760319232940674e-01 -9.561776518821716309e-01 -1.594685768738519764e-17 8.798698782920837402e-01 4.752146601676940918e-01
6.143549084663391113e-02 1.585743576288223267e-01 -9.376593828201293945e-01 -1.594685768738519764e-17 8.798698782920837402e-01 4.752146601676940918e-01
-1.815384998917579651e-02 -2.016291469335556030e-01 -7.734602093696594238e-01 -3.606387674808502197e-01 4.258882999420166016e-01 -8.297944068908691406e-01
1.503928657621145248e-02 1.194201186299324036e-01 -8.651644587516784668e-01 -1.594685768738519764e-17 8.798698782920837402e-01 4.752146601676940918e-01
-1.726665794849395752e-01 -3.769678995013237000e-02 -1.151894211769104004e+00 1.594685768738519764e-17 -8.798698782920837402e-01 -4.752146601676940918e-01
4.684783145785331726e-02 1.415853202342987061e-01 -9.062038064002990723e-01 -1.594685768738519764e-17 8.798698782920837402e-01 4.752146601676940918e-01
8.608577400445938110e-02 -4.641418159008026123e-02 -7.322009205818176270e-01 1.594685768738519764e-17 -8.798698782920837402e-01 -4.752146601676940918e-01
-5.101278075017035007e-04 8.401539176702499390e-02 -7.996118664741516113e-01 -1.594685768738519764e-17 8.798698782920837402e-01 4.752146601676940918e-01
4.828612506389617920e-02 -5.826293490827083588e-03 -6.823139190673828125e-01 3.607081174850463867e-01 -4.432226121425628662e-01 8.206359744071960449e-01
1.534832566976547241e-01 3.550766408443450928e-02 -7.766385674476623535e-01 9.326787590980529785e-01 1.714137792587280273e-01 -3.173762261867523193e-01
-1.009846180677413940e-01 9.343019872903823853e-02 -9.911257028579711914e-01 1.594685768738519764e-17 -8.798698782920837402e-01 -4.752146601676940918e-01
-6.047470867633819580e-02 -1.660646684467792511e-02 -7.819041609764099121e-01 -9.326787590980529785e-01 -1.714137792587280273e-01 3.173762261867523193e-01
2.912973053753376007e-02 1.074681878089904785e-01 -9.976057410240173340e-01 3.607081174850463867e-01 -4.432226121425628662e-01 8.206359744071960449e-01
-1.572175621986389160e-01 1.792809665203094482e-01 -1.007798075675964355e+00 -9.326787590980529785e-01 -1.714137792587280273e-01 3.173762261867523193e-01
9.358815848827362061e-02 2.403131872415542603e-02 -6.885501146316528320e-01 -1.594685768738519764e-17 8.798698782920837402e-01 4.752146601676940918e-01
-5.811303108930587769e-02 2.174573093652725220e-01 -1.046682357788085938e+00 -1.594685768738519764e-17 8.798698782920837402e-01 4.752146601676940918e-01
3.419745480641722679e-03 1.014010235667228699e-01 -8.318017125129699707e-01 -1.594685768738519764e-17 8.798698782920837402e-01 4.752146601676940918e-01
-4.446111992001533508e-02 1.279803365468978882e-01 -8.810138702392578125e-01 -1.594685768738519764e-17 8.798698782920837402e-01 4.752146601676940918e-01
-1.051427125930786133e-01 3.900636360049247742e-02 -8.831344842910766602e-01 -9.326787590980529785e-01 -1.714137792587280273e-01 3.173762261867523193e-01
1.523807942867279053e-01 -3.570436965674161911e-03 -7.268500328063964844e-01 3.607081174850463867e-01 -4.432226121425628662e-01 8.206359744071960449e-01
-7.610817998647689819e-02 9.569694101810455322e-02 -9.161931872367858887e-01 -1.594685768738519764e-17 8.798698782920837402e-01 4.752146601676940918e-01
-1.588449478149414062e-01 1.730112880468368530e-01 -9.685745239257812500e-01 -9.326787590980529785e-01 -1.714137792587280273e-01 3.173762261867523193e-01
3.166210651397705078e-02 6.472476571798324585e-02 -8.588475584983825684e-01 -1.594685768738519764e-17 8.798698782920837402e-01 4.752146601676940918e-01
-3.201279044151306152e-02 1.499748378992080688e-01 -1.095819354057312012e+00 1.594685768738519764e-17 -8.798698782920837402e-01 -4.752146601676940918e-01
-5.397345870733261108e-02 8.210664242506027222e-02 -8.910304903984069824e-01 -1.594685768738519764e-17 8.798698782920837402e-01 4.752146601676940918e-01
1.185336560010910034e-01 -3.402891755104064941e-02 -7.551312446594238281e-01 1.594685768738519764e-17 -8.798698782920837402e-01 -4.752146601676940918e-01
1.626252532005310059e-01 2.027467079460620880e-02 -7.184743285179138184e-01 3.607081174850463867e-01 -4.432226121425628662e-01 8.206359744071960449e-01
-3.166603669524192810e-02 9.537048637866973877e-02 -9.155887365341186523e-01 -1.594685768738519764e-17 8.798698782920837402e-01 4.752146601676940918e-01
-1.060860678553581238e-01 1.090929731726646423e-01 -1.020125627517700195e+00 1.594685768738519764e-17 -8.798698782920837402e-01 -4.752146601676940918e-01
7.255306094884872437e-02 1.014443039894104004e-01 -8.318818807601928711e-01 -1.594685768738519764e-17 8.798698782920837402e-01 4.752146601676940918e-01
1.016136184334754944e-01 2.008459530770778656e-02 -6.917594671249389648e-01 3.607081174850463867e-01 -4.432226121425628662e-01 8.206359744071960449e-01
-1.561032049357891083e-02 -3.228118270635604858e-02 -7.059185504913330078e-01 -9.326787590980529785e-01 -1.714137792587280273e-01 3.173762261867523193e-01
1.091660261154174805e-01 -3.367191925644874573e-02 -7.557934522628784180e-01 1.594685768738519764e-17 -8.798698782920837402e-01 -4.752146601676940918e-01
-2.477472089231014252e-02 -5.536402761936187744e-02 -6.979248523712158203e-01 -9.326787590980529785e-01 -1.714137792587280273e-01 3.173762261867523193e-01
-1.431978791952133179e-01 1.228009462356567383e-01 -1.045506238937377930e+00 1.594685768738519764e-17 -8.798698782920837402e-01 -4.752146601676940918e-01
-1.365724354982376099e-01 1.780352145433425903e-01 -9.736915230751037598e-01 -1.594685768738519764e-17 8.798698782920837402e-01 4.752146601676940918e-01
-1.497172750532627106e-02 1.616128683090209961e-01 -1.113935708999633789e+00 -3.607081174850463867e-01 4.432226121425628662e-01 -8.206359744071960449e-01
-7.704603672027587891e-02 1.859398484230041504e-01 -9.883271455764770508e-01 -1.594685768738519764e-17 8.798698782920837402e-01 4.752146601676940918e-01
3.624176979064941406e-02 1.176792569458484650e-02 -8.324752449989318848e-01 -3.607081174850463867e-01 4.432226121425628662e-01 -8.206359744071960449e-01
-2.310227975249290466e-02 -4.486869648098945618e-02 -7.350624203681945801e-01 1.594685768738519764e-17 -8.798698782920837402e-01 -4.752146601676940918e-01
4.364406690001487732e-02 1.179729849100112915e-01 -9.574377536773681641e-01 -1.594685768738519764e-17 8.798698782920837402e-01 4.752146601676940918e-01
-1.059537660330533981e-02 1.676255315542221069e-01 -1.112611889839172363e+00 -3.607081174850463867e-01 4.432226121425628662e-01 -8.206359744071960449e-01
9.234576672315597534e-02 -1.384576410055160522e-02 -7.060114741325378418e-01 3.607081174850463867e-01 -4.432226121425628662e-01 8.206359744071960449e-01
1.019546613097190857e-01 8.741556853055953979e-02 -9.000312089920043945e-01 9.326787590980529785e-01 1.714137792587280273e-01 -3.173762261867523193e-01
1.155802607536315918e-02 1.229580566287040710e-01 -8.717150092124938965e-01 -1.594685768738519764e-17 8.798698782920837402e-01 4.752146601676940918e-01
3.348945453763008118e-02 1.254425570368766785e-02 -6.672815680503845215e-01 -1.594685768738519764e-17 8.798698782920837402e-01 4.752146601676940918e-01
-5.434541776776313782e-02 1.690326482057571411e-01 -9.570230841636657715e-01 -1.594685768738519764e-17 8.798698782920837402e-01 4.752146601676940918e-01
1.114426031708717346e-01 5.137642379850149155e-03 -8.276501893997192383e-01 1.594685768738519764e-17 -8.798698782920837402e-01 -4.752146601676940918e-01
2.624328061938285828e-02 1.054566260427236557e-02 -6.637825965881347656e-01 3.607081174850463867e-01 -4.432226121425628662e-01 8.206359744071960449e-01
-1.219175290316343307e-02 -3.259192779660224915e-02 -6.701870560646057129e-01 3.607081174850463867e-01 -4.432226121425628662e-01 8.206359744071960449e-01
-4.267711192369461060e-02 1.064781993627548218e-01 -9.665779471397399902e-01 3.607081174850463867e-01 -4.432226121425628662e-01 8.206359744071960449e-01
-5.840661376714706421e-02 9.050588309764862061e-02 -9.065818190574645996e-01 -1.594685768738519764e-17 8.798698782920837402e-01 4.752146601676940918e-01
-5.136081576347351074e-02 1.513196080923080444e-01 -9.242269992828369141e-01 -1.594685768738519764e-17 8.798698782920837402e-01 4.752146601676940918e-01
1.518459767103195190e-01 -1.230450719594955444e-02 -7.313321828842163086e-01 3.607081174850463867e-01 -4.432226121425628662e-01 8.206359744071960449e-01
6.561106070876121521e-03 1.594882607460021973e-01 -9.595898985862731934e-01 3.607081174850463867e-01 -4.432226121425628662e-01 8.206359744071960449e-01
-1.534097790718078613e-01 1.714931726455688477e-01 -1.000814318656921387e+00 -9.326787590980529785e-01 -1.714137792587280273e-01 3.173762261867523193e-01
1.441973596811294556e-01 7.435638923197984695e-03 -8.190887570381164551e-01 9.326787590980529785e-01 1.714137792587280273e-01 -3.173762261867523193e-01
1.362448334693908691e-01 7.700330018997192383e-02 -8.048858046531677246e-01 9.326787590980529785e-01 1.714137792587280273e-01 -3.173762261867523193e-01
1.497786343097686768e-01 -2.018107473850250244e-02 -7.807708382606506348e-01 1.594685768738519764e-17 -8.798698782920837402e-01 -4.752146601676940918e-01
-7.134780287742614746e-02 2.158125638961791992e-01 -1.043637156486511230e+00 -1.594685768738519764e-17 8.798698782920837402e-01 4.752146601676940918e-01
-1.079988703131675720e-01 1.066322475671768188e-01 -9.364401698112487793e-01 -1.594685768738519764e-17 8.798698782920837402e-01 4.752146601676940918e-01
1.266662776470184326e-01 4.636218398809432983e-02 -7.298961281776428223e-01 -1.594685768738519764e-17 8.798698782920837402e-01 4.752146601676940918e-01
-1.247089505195617676e-01 1.455436795949935913e-01 -9.304859042167663574e-01 -9.326787590980529785e-01 -1.714137792587280273e-01 3.173762261867523193e-01
-6.681571900844573975e-02 8.400820195674896240e-02 -9.736806750297546387e-01 1.594685768738519764e-17 -8.798698782920837402e-01 -4.752146601676940918e-01
-1.605627238750457764e-01 1.865926086902618408e-01 -1.013679623603820801e+00 -9.326787590980529785e-01 -1.714137792587280273e-01 3.173762261867523193e-01
-1.666263341903686523e-01 5.164203420281410217e-02 -1.090347886085510254e+00 3.606387674808502197e-01 -4.603864848613739014e-01 8.111620545387268066e-01
7.675412297248840332e-02 8.492439240217208862e-02 -8.962475657463073730e-01 -1.594685768738519764e-17 8.798698782920837402e-01 4.752146601676940918e-01
-5.651992186903953552e-02 4.596922546625137329e-02 -7.364853024482727051e-01 -9.326787590980529785e-01 -1.714137792587280273e-01 3.173762261867523193e-01
-1.770948767662048340e-01 2.810774743556976318e-02 -1.107432603836059570e+00 -9.324995279312133789e-01 -1.886298954486846924e-01 3.079990744590759277e-01
6.818440556526184082e-02 9.494835138320922852e-02 -9.148071408271789551e-01 -1.594685768738519764e-17 8.798698782920837402e-01 4.752146601676940918e-01
3.065025620162487030e-02 1.384213864803314209e-01 -9.003456830978393555e-01 -1.594685768738519764e-17 8.798698782920837402e-01 4.752146601676940918e-01
-1.273174732923507690e-01 1.111653968691825867e-01 -9.093269705772399902e-01 -9.326787590980529785e-01 -1.714137792587280273e-01 3.173762261867523193e-01
1.094236820936203003e-01 -3.902586922049522400e-02 -7.458804845809936523e-01 1.594685768738519764e-17 -8.798698782920837402e-01 -4.752146601676940918e-01
5.493360385298728943e-02 8.525213599205017090e-02 -8.968544006347656250e-01 -1.594685768738519764e-17 8.798698782920837402e-01 4.752146601676940918e-01
2.075834758579730988e-02 1.174008399248123169e-01 -8.614256978034973145e-01 -1.594685768738519764e-17 8.798698782920837402e-01 4.752146601676940918e-01
-1.548480838537216187e-01 1.678431481122970581e-01 -1.049088478088378906e+00 -3.607081174850463867e-01 4.432226121425628662e-01 -8.206359744071960449e-01
6.187328323721885681e-02 1.546301245689392090e-01 -9.303565025329589844e-01 -1.594685768738519764e-17 8.798698782920837402e-01 4.752146601676940918e-01
1.200961023569107056e-01 6.871508061885833740e-02 -8.568187355995178223e-01 9.326787590980529785e-01 1.714137792587280273e-01 -3.173762261867523193e-01
-2.692656964063644409e-02 -1.485823839902877808e-02 -6.823714971542358398e-01 -9.326787590980529785e-01 -1.714137792587280273e-01 3.173762261867523193e-01
6.071397662162780762e-02 8.216027170419692993e-02 -8.911297321319580078e-01 -1.594685768738519764e-17 8.798698782920837402e-01 4.752146601676940918e-01
-1.735363602638244629e-01 9.455547481775283813e-02 -1.080456495285034180e+00 -3.607081174850463867e-01 4.432226121425628662e-01 -8.206359744071960449e-01
3.326367959380149841e-02 1.024380847811698914e-01 -8.337218761444091797e-01 -1.594685768738519764e-17 8.798698782920837402e-01 4.752146601676940918e-01
-2.513514459133148193e-02 6.811663042753934860e-03 -6.654031872749328613e-01 -9.326787590980529785e-01 -1.714137792587280273e-01 3.173762261867523193e-01
-2.517776563763618469e-02 8.113636076450347900e-02 -7.942812442779541016e-01 -1.594685768738519764e-17 8.798698782920837402e-01 4.752146601676940918e-01
-1.040638387203216553e-01 1.300136297941207886e-01 -8.847785592079162598e-01 -1.594685768738519764e-17 8.798698782920837402e-01 4.752146601676940918e-01
-1.662411689758300781e-01 -2.065045945346355438e-02 -1.131549239158630371e+00 3.606387674808502197e-01 -4.603864848613739014e-01 8.111620545387268066e-01
8.816963434219360352e-02 1.804419420659542084e-02 -8.515469431877136230e-01 1.594685768738519764e-17 -8.798698782920837402e-01 -4.752146601676940918e-01
-1.072678063064813614e-02 -1.893857717514038086e-01 -7.676095962524414062e-01 9.324995279312133789e-01 1.541343629360198975e-01 -3.266299962997436523e-01
-1.782744824886322021e-01 1.749637722969055176e-01 -1.024617910385131836e+00 -9.326787590980529785e-01 -1.714137792587280273e-01 3.173762261867523193e-01
4.152285307645797729e-02 -3.331442177295684814e-02 -7.564553618431091309e-01 1.594685768738519764e-17 -8.798698782920837402e-01 -4.752146601676940918e-01
-2.624941058456897736e-02 2.162206768989562988e-01 -1.044392704963684082e+00 -1.594685768738519764e-17 8.798698782920837402e-01 4.752146601676940918e-01
4.396847914904356003e-03 8.959342539310455322e-02 -1.144843935966491699e+00 3.606387674808502197e-01 -4.603864848613739014e-01 8.111620545387268066e-01
-9.573564678430557251e-02 1.261678636074066162e-01 -1.051740169525146484e+00 1.594685768738519764e-17 -8.798698782920837402e-01 -4.752146601676940918e-01
-1.220516934990882874e-01 1.884808987379074097e-01 -9.930319190025329590e-01 -1.594685768738519764e-17 8.798698782920837402e-01 4.752146601676940918e-01
