-9.448596835136413574e-02 -9.252071380615234375e-02 -8.093596696853637695e-01 1.556666430203214476e-16 -8.997230529785156250e-01 -4.364612102508544922e-01
1.823937594890594482e-01 3.159781917929649353e-02 -1.076395869255065918e+00 1.556666430203214476e-16 -8.997230529785156250e-01 -4.364612102508544922e-01
-5.877808108925819397e-02 3.469213098287582397e-02 -7.698134183883666992e-01 -1.556666430203214476e-16 8.997230529785156250e-01 4.364612102508544922e-01
-1.318084150552749634e-01 -6.999888271093368530e-02 -8.446098566055297852e-01 -1.556666430203214476e-16 8.997230529785156250e-01 4.364612102508544922e-01
1.088947281241416931e-01 8.116616308689117432e-02 -8.879705667495727539e-01 -1.556666430203214476e-16 8.997230529785156250e-01 4.364612102508544922e-01
1.044304147362709045e-01 5.865947157144546509e-02 -1.161079049110412598e+00 -5.973606705665588379e-01 3.500300049781799316e-01 -7.215533852577209473e-01
1.890493929386138916e-01 1.777842175215482712e-03 -1.003747105598449707e+00 1.556666430203214476e-16 -8.997230529785156250e-01 -4.364612102508544922e-01
-3.740374930202960968e-03 -4.443714022636413574e-02 -8.973029851913452148e-01 -1.556666430203214476e-16 8.997230529785156250e-01 4.364612102508544922e-01
2.354115992784500122e-01 -3.307141736149787903e-02 -1.000566840171813965e+00 -7.957799434661865234e-01 -3.703071773052215576e-01 4.791731238365173340e-01
1.217557340860366821e-01 -2.020074799656867981e-02 -9.472639560699462891e-01 -1.556666430203214476e-16 8.997230529785156250e-01 4.364612102508544922e-01
-8.318411558866500854e-02 -6.246338412165641785e-02 -8.713199496269226074e-01 1.556666430203214476e-16 -8.997230529785156250e-01 -4.364612102508544922e-01
-1.508322171866893768e-02 -4.446918889880180359e-02 -8.972368836402893066e-01 -1.556666430203214476e-16 8.997230529785156250e-01 4.364612102508544922e-01
-3.794375434517860413e-02 1.110205352306365967e-01 -9.495125412940979004e-01 -1.556666430203214476e-16 8.997230529785156250e-01 4.364612102508544922e-01
1.129041612148284912e-01 1.029500514268875122e-01 -9.105205535888671875e-01 -1.556666430203214476e-16 8.997230529785156250e-01 4.364612102508544922e-01
6.776612251996994019e-02 5.226556956768035889e-02 -8.060393929481506348e-01 -1.556666430203214476e-16 8.997230529785156250e-01 4.364612102508544922e-01
2.354763597249984741e-01 5.197285488247871399e-02 -9.550477862358093262e-01 5.973606705665588379e-01 -3.500300049781799316e-01 7.215533852577209473e-01
1.802164614200592041e-01 1.345941275358200073e-01 -9.757518172264099121e-01 -1.556666430203214476e-16 8.997230529785156250e-01 4.364612102508544922e-01
9.010735899209976196e-02 4.449135437607765198e-02 -1.080620527267456055e+00 -1.556666430203214476e-16 8.997230529785156250e-01 4.364612102508544922e-01
4.974546656012535095e-02 7.910680770874023438e-02 -8.837254047393798828e-01 -1.556666430203214476e-16 8.997230529785156250e-01 4.364612102508544922e-01
1.571995764970779419e-01 1.280480772256851196e-01 -9.622578024864196777e-01 -1.556666430203214476e-16 8.997230529785156250e-01 4.364612102508544922e-01
1.660910621285438538e-02 1.083575934171676636e-01 -9.216676950454711914e-01 -1.556666430203214476e-16 8.997230529785156250e-01 4.364612102508544922e-01
-1.094612944871187210e-02 4.657350480556488037e-02 -8.166611194610595703e-01 -1.556666430203214476e-16 8.997230529785156250e-01 4.364612102508544922e-01
-6.902848929166793823e-02 -8.104886859655380249e-02 -8.218314051628112793e-01 -1.556666430203214476e-16 8.997230529785156250e-01 4.364612102508544922e-01
-9.042280912399291992e-02 -3.333437070250511169e-02 -9.313666820526123047e-01 1.556666430203214476e-16 -8.997230529785156250e-01 -4.364612102508544922e-01
-1.568726748228073120e-01 -6.902089715003967285e-02 -8.578022718429565430e-01 1.556666430203214476e-16 -8.997230529785156250e-01 -4.364612102508544922e-01
-3.942908719182014465e-02 1.239839717745780945e-01 -9.985894560813903809e-01 -1.556666430203214476e-16 8.997230529785156250e-01 4.364612102508544922e-01
-6.962723284959793091e-02 1.176048591732978821e-01 -9.782437086105346680e-01 5.973606705665588379e-01 -3.500300049781799316e-01 7.215533852577209473e-01
1.463482230901718140e-01 1.090260222554206848e-01 -9.230456352233886719e-01 -1.556666430203214476e-16 8.997230529785156250e-01 4.364612102508544922e-01
-9.912667423486709595e-02 -9.987046569585800171e-02 -7.547937631607055664e-01 -8.019727468490600586e-01 -2.607247531414031982e-01 5.374591350555419922e-01
-2.181550115346908569e-02 1.549714803695678711e-02 -1.020851731300354004e+00 -1.556666430203214476e-16 8.997230529785156250e-01 4.364612102508544922e-01
1.036916002631187439e-01 9.562835842370986938e-02 -9.177830219268798828e-01 -1.556666430203214476e-16 8.997230529785156250e-01 4.364612102508544922e-01
-1.384919434785842896e-01 1.035225763916969299e-01 -9.117007851600646973e-01 -1.556666430203214476e-16 8.997230529785156250e-01 4.364612102508544922e-01
1.132556125521659851e-01 2.073224820196628571e-02 -1.168388962745666504e+00 5.927478075027465820e-01 -4.589228034019470215e-01 6.618457436561584473e-01
-1.517032925039529800e-02 -8.359466493129730225e-02 -8.165834546089172363e-01 -1.556666430203214476e-16 8.997230529785156250e-01 4.364612102508544922e-01
1.550846844911575317e-01 1.092238798737525940e-01 -9.234535098075866699e-01 -1.556666430203214476e-16 8.997230529785156250e-01 4.364612102508544922e-01
1.738317012786865234e-01 1.313099414110183716e-01 -1.036045312881469727e+00 1.556666430203214476e-16 -8.997230529785156250e-01 -4.364612102508544922e-01
-1.334104984998703003e-01 -1.050964593887329102e-01 -7.722595930099487305e-01 -1.556666430203214476e-16 8.997230529785156250e-01 4.364612102508544922e-01
-3.380437195301055908e-02 -6.431659311056137085e-02 -8.674997687339782715e-01 1.556666430203214476e-16 -8.997230529785156250e-01 -4.364612102508544922e-01
8.806076645851135254e-02 4.936176165938377380e-02 -1.090660452842712402e+00 -1.556666430203214476e-16 8.997230529785156250e-01 4.364612102508544922e-01
-2.806892246007919312e-02 4.737745970487594604e-02 -7.959629893302917480e-01 -1.556666430203214476e-16 8.997230529785156250e-01 4.364612102508544922e-01
-5.920351669192314148e-02 -8.510380238294601440e-02 -8.134725093841552734e-01 -1.556666430203214476e-16 8.997230529785156250e-01 4.364612102508544922e-01
5.021665990352630615e-02 8.693819493055343628e-02 -8.775136470794677734e-01 -1.556666430203214476e-16 8.997230529785156250e-01 4.364612102508544922e-01
1.642172485589981079e-01 7.558284699916839600e-02 -8.947418928146362305e-01 -5.973606705665588379e-01 3.500300049781799316e-01 -7.215533852577209473e-01
-2.173192799091339111e-01 6.275084614753723145e-02 -8.276537656784057617e-01 -1.556666430203214476e-16 8.997230529785156250e-01 4.364612102508544922e-01
-1.394032593816518784e-02 1.299738287925720215e-01 -1.014964580535888672e+00 -5.973606705665588379e-01 3.500300049781799316e-01 -7.215533852577209473e-01
2.500343918800354004e-01 4.349697381258010864e-02 -9.712118506431579590e-01 5.973606705665588379e-01 -3.500300049781799316e-01 7.215533852577209473e-01
2.017640620470046997e-01 -9.469270706176757812e-03 -9.693858623504638672e-01 -1.556666430203214476e-16 8.997230529785156250e-01 4.364612102508544922e-01
1.934489607810974121e-01 2.606016583740711212e-02 -1.051352858543395996e+00 -8.019727468490600586e-01 -2.607247531414031982e-01 5.374591350555419922e-01
1.735967993736267090e-01 4.611471295356750488e-02 -1.083966970443725586e+00 -1.556666430203214476e-16 8.997230529785156250e-01 4.364612102508544922e-01
-1.720901764929294586e-02 7.042629271745681763e-02 -8.658313751220703125e-01 -1.556666430203214476e-16 8.997230529785156250e-01 4.364612102508544922e-01
8.047226071357727051e-02 8.523447439074516296e-03 -1.006476163864135742e+00 -1.556666430203214476e-16 8.997230529785156250e-01 4.364612102508544922e-01
4.482076503336429596e-03 3.172640129923820496e-02 -7.636998295783996582e-01 -1.556666430203214476e-16 8.997230529785156250e-01 4.364612102508544922e-01
1.013597324490547180e-01 1.115058735013008118e-01 -9.281575679779052734e-01 -1.556666430203214476e-16 8.997230529785156250e-01 4.364612102508544922e-01
4.749573767185211182e-02 -1.713445968925952911e-02 -9.535848498344421387e-01 -1.556666430203214476e-16 8.997230529785156250e-01 4.364612102508544922e-01
-1.859755488112568855e-03 2.801571413874626160e-02 -1.056478381156921387e+00 -7.409384846687316895e-02 -8.493591547012329102e-01 -5.225889086723327637e-01
1.104582473635673523e-01 1.158811077475547791e-01 -9.595321416854858398e-01 -1.556666430203214476e-16 8.997230529785156250e-01 4.364612102508544922e-01
-1.780698150396347046e-01 6.945067644119262695e-02 -8.414648175239562988e-01 -1.556666430203214476e-16 8.997230529785156250e-01 4.364612102508544922e-01
2.319710142910480499e-02 -4.178930819034576416e-02 -9.027612209320068359e-01 -1.556666430203214476e-16 8.997230529785156250e-01 4.364612102508544922e-01
-1.601859927177429199e-01 -4.294662177562713623e-02 -9.115518927574157715e-01 1.556666430203214476e-16 -8.997230529785156250e-01 -4.364612102508544922e-01
-1.005492135882377625e-01 -1.406202316284179688e-01 -7.715884447097778320e-01 7.957799434661865234e-01 1.471157073974609375e-01 -5.874447226524353027e-01
3.288690745830535889e-02 -4.855664446949958801e-02 -8.888109922409057617e-01 -1.556666430203214476e-16 8.997230529785156250e-01 4.364612102508544922e-01
1.348289698362350464e-01 -4.372095316648483276e-02 -9.181453585624694824e-01 5.973606705665588379e-01 -3.500300049781799316e-01 7.215533852577209473e-01
2.718577161431312561e-04 -7.831612974405288696e-02 -8.336718678474426270e-01 -5.973606705665588379e-01 3.500300049781799316e-01 -7.215533852577209473e-01
-1.134823411703109741e-01 -4.173284396529197693e-02 -7.117049694061279297e-01 8.019727468490600586e-01 2.607247531414031982e-01 -5.374591350555419922e-01
-2.946961671113967896e-02 -1.178909838199615479e-02 -9.646037817001342773e-01 -1.556666430203214476e-16 8.997230529785156250e-01 4.364612102508544922e-01
1.934157013893127441e-01 1.763830333948135376e-02 -1.033533573150634766e+00 9.945408999919891357e-02 -8.604449033737182617e-01 -4.997433423995971680e-01
7.992040365934371948e-02 -5.382153764367103577e-02 -8.779579401016235352e-01 -1.556666430203214476e-16 8.997230529785156250e-01 4.364612102508544922e-01
1.489663124084472656e-01 8.091779798269271851e-02 -8.651031851768493652e-01 -1.556666430203214476e-16 8.997230529785156250e-01 4.364612102508544922e-01
6.066099181771278381e-02 2.860258705914020538e-02 -8.216584920883178711e-01 5.973606705665588379e-01 -3.500300049781799316e-01 7.215533852577209473e-01
-1.797944903373718262e-01 9.166409075260162354e-02 -9.097638130187988281e-01 -5.973606705665588379e-01 3.500300049781799316e-01 -7.215533852577209473e-01
5.087961256504058838e-02 1.137705743312835693e-01 -9.551814794540405273e-01 -1.556666430203214476e-16 8.997230529785156250e-01 4.364612102508544922e-01
2.126377224922180176e-01 1.214118376374244690e-01 -9.900798201560974121e-01 8.019727468490600586e-01 2.607247531414031982e-01 -5.374591350555419922e-01
-2.249771542847156525e-02 -9.268074482679367065e-02 -8.116482496261596680e-01 5.973606705665588379e-01 -3.500300049781799316e-01 7.215533852577209473e-01
-1.512834727764129639e-01 -1.012319400906562805e-01 -7.969735264778137207e-01 8.019727468490600586e-01 2.607247531414031982e-01 -5.374591350555419922e-01
-1.041925698518753052e-01 -1.582055538892745972e-02 -9.562933444976806641e-01 -1.556666430203214476e-16 8.997230529785156250e-01 4.364612102508544922e-01
-1.137469038367271423e-01 -1.223914511501789093e-02 -6.977921724319458008e-01 8.019727468490600586e-01 2.607247531414031982e-01 -5.374591350555419922e-01
1.795085966587066650e-01 1.244792491197586060e-01 -9.772563576698303223e-01 -1.556666430203214476e-16 8.997230529785156250e-01 4.364612102508544922e-01
3.501332923769950867e-02 1.683111041784286499e-01 -1.050417304039001465e+00 -5.973606705665588379e-01 3.500300049781799316e-01 -7.215533852577209473e-01
2.554493024945259094e-02 1.396751403808593750e-01 -9.862258434295654297e-01 -1.556666430203214476e-16 8.997230529785156250e-01 4.364612102508544922e-01
-2.073146030306816101e-02 1.459403038024902344e-01 -9.991408586502075195e-01 -1.556666430203214476e-16 8.997230529785156250e-01 4.364612102508544922e-01
1.004132926464080811e-01 5.108679458498954773e-02 -1.159724593162536621e+00 -7.957799434661865234e-01 -3.703071773052215576e-01 4.791731238365173340e-01
-6.861878931522369385e-02 9.529545158147811890e-02 -8.947413563728332520e-01 -1.556666430203214476e-16 8.997230529785156250e-01 4.364612102508544922e-01
6.880490574985742569e-03 8.216254413127899170e-03 -1.005842924118041992e+00 -1.556666430203214476e-16 8.997230529785156250e-01 4.364612102508544922e-01
1.881928592920303345e-01 3.771707788109779358e-02 -1.067156195640563965e+00 -8.019727468490600586e-01 -2.607247531414031982e-01 5.374591350555419922e-01
-2.428771257400512695e-01 -4.474357515573501587e-02 -9.062426686286926270e-01 8.019727468490600586e-01 2.607247531414031982e-01 -5.374591350555419922e-01
2.383226156234741211e-02 -1.979495771229267120e-02 -9.481004476547241211e-01 -1.556666430203214476e-16 8.997230529785156250e-01 4.364612102508544922e-01
2.296949774026870728e-01 9.655012190341949463e-02 -9.643912911415100098e-01 1.556666430203214476e-16 -8.997230529785156250e-01 -4.364612102508544922e-01
6.837807595729827881e-02 7.811670750379562378e-02 -8.593290448188781738e-01 -1.556666430203214476e-16 8.997230529785156250e-01 4.364612102508544922e-01
-1.334826946258544922e-01 5.709336604923009872e-03 -7.366874814033508301e-01 -8.019727468490600586e-01 -2.607247531414031982e-01 5.374591350555419922e-01
3.063078410923480988e-02 -2.450869977474212646e-02 -9.383835196495056152e-01 -1.556666430203214476e-16 8.997230529785156250e-01 4.364612102508544922e-01
-8.629151433706283569e-02 1.188974082469940186e-02 -7.451638579368591309e-01 -1.556666430203214476e-16 8.997230529785156250e-01 4.364612102508544922e-01
1.389766037464141846e-01 2.749692648649215698e-02 -1.056764602661132812e+00 1.556666430203214476e-16 -8.997230529785156250e-01 -4.364612102508544922e-01
1.356245577335357666e-01 1.580132842063903809e-01 -1.024028182029724121e+00 -1.556666430203214476e-16 8.997230529785156250e-01 4.364612102508544922e-01
9.631828404963016510e-03 1.629163622856140137e-01 -1.034135341644287109e+00 -1.556666430203214476e-16 8.997230529785156250e-01 4.364612102508544922e-01
-1.251329034566879272e-01 3.395508229732513428e-02 -7.682940363883972168e-01 -1.556666430203214476e-16 8.997230529785156250e-01 4.364612102508544922e-01
6.355821341276168823e-02 1.244250237941741943e-01 -9.547891616821289062e-01 -1.556666430203214476e-16 8.997230529785156250e-01 4.364612102508544922e-01
-1.825708299875259399e-01 6.660062819719314575e-02 -8.579450845718383789e-01 -1.556666430203214476e-16 8.997230529785156250e-01 4.364612102508544922e-01
1.869092136621475220e-01 9.479062259197235107e-02 -8.937007188796997070e-01 -1.556666430203214476e-16 8.997230529785156250e-01 4.364612102508544922e-01
7.465652376413345337e-02 -1.334100123494863510e-02 -9.614046812057495117e-01 -1.556666430203214476e-16 8.997230529785156250e-01 4.364612102508544922e-01
-2.253961116075515747e-01 3.406959399580955505e-02 -8.729062080383300781e-01 -5.973606705665588379e-01 3.500300049781799316e-01 -7.215533852577209473e-01
-1.609515100717544556e-01 -9.656689316034317017e-02 -8.091366887092590332e-01 8.019727468490600586e-01 2.607247531414031982e-01 -5.374591350555419922e-01
1.745797246694564819e-01 3.809633478522300720e-02 -1.073669910430908203e+00 -8.019727468490600586e-01 -2.607247531414031982e-01 5.374591350555419922e-01
1.557515710592269897e-01 7.164103537797927856e-02 -8.795039653778076172e-01 5.973606705665588379e-01 -3.500300049781799316e-01 7.215533852577209473e-01
1.854324638843536377e-01 1.307656019926071167e-01 -1.026136755943298340e+00 -8.019727468490600586e-01 -2.607247531414031982e-01 5.374591350555419922e-01
1.044309418648481369e-02 9.010297805070877075e-02 -9.063929319381713867e-01 -1.556666430203214476e-16 8.997230529785156250e-01 4.364612102508544922e-01
1.040289457887411118e-02 7.233575731515884399e-02 -8.697675466537475586e-01 -1.556666430203214476e-16 8.997230529785156250e-01 4.364612102508544922e-01
-1.248919516801834106e-01 -8.778976649045944214e-02 -7.515496611595153809e-01 5.973606705665588379e-01 -3.500300049781799316e-01 7.215533852577209473e-01
-1.791978776454925537e-01 -3.231479600071907043e-02 -9.332803487777709961e-01 -7.409384846687316895e-02 -8.493591547012329102e-01 -5.225889086723327637e-01
-7.177200913429260254e-02 1.583890616893768311e-02 -7.533046603202819824e-01 -1.556666430203214476e-16 8.997230529785156250e-01 4.364612102508544922e-01
2.109087817370891571e-02 4.853968322277069092e-02 -7.983587980270385742e-01 -1.556666430203214476e-16 8.997230529785156250e-01 4.364612102508544922e-01
-1.152290999889373779e-01 1.079625114798545837e-01 -9.208532571792602539e-01 -1.556666430203214476e-16 8.997230529785156250e-01 4.364612102508544922e-01
4.630864784121513367e-02 1.363754123449325562e-01 -1.001779198646545410e+00 -1.556666430203214476e-16 8.997230529785156250e-01 4.364612102508544922e-01
-2.134833782911300659e-01 -5.452342331409454346e-02 -8.784726262092590332e-01 -8.019727468490600586e-01 -2.607247531414031982e-01 5.374591350555419922e-01
-1.220502108335494995e-01 -1.100686118006706238e-01 -7.757930755615234375e-01 8.019727468490600586e-01 2.607247531414031982e-01 -5.374591350555419922e-01
1.581695079803466797e-01 7.993710786104202271e-02 -8.854370117187500000e-01 -1.556666430203214476e-16 8.997230529785156250e-01 4.364612102508544922e-01
3.357407171279191971e-03 9.113263338804244995e-02 -9.085155129432678223e-01 -1.556666430203214476e-16 8.997230529785156250e-01 4.364612102508544922e-01
-1.609982401132583618e-01 9.901373833417892456e-02 -9.024062752723693848e-01 -1.556666430203214476e-16 8.997230529785156250e-01 4.364612102508544922e-01
4.289202764630317688e-02 4.441931098699569702e-02 -7.898650765419006348e-01 -1.556666430203214476e-16 8.997230529785156250e-01 4.364612102508544922e-01
8.795621991157531738e-02 3.823205083608627319e-02 -1.067717552185058594e+00 -1.556666430203214476e-16 8.997230529785156250e-01 4.364612102508544922e-01
-1.254344582557678223e-01 1.087844073772430420e-01 -9.449029564857482910e-01 -1.556666430203214476e-16 8.997230529785156250e-01 4.364612102508544922e-01
-1.174322515726089478e-01 -5.401691421866416931e-02 -8.887315988540649414e-01 1.556666430203214476e-16 -8.997230529785156250e-01 -4.364612102508544922e-01
1.790056377649307251e-01 1.269042640924453735e-01 -9.598999023437500000e-01 -1.556666430203214476e-16 8.997230529785156250e-01 4.364612102508544922e-01
-1.196535397320985794e-02 1.310023367404937744e-01 -1.029623270034790039e+00 -5.973606705665588379e-01 3.500300049781799316e-01 -7.215533852577209473e-01
-1.058088690042495728e-01 4.580595716834068298e-02 -8.150789141654968262e-01 -1.556666430203214476e-16 8.997230529785156250e-01 4.364612102508544922e-01
2.133368328213691711e-02 1.190190315246582031e-01 -9.660006165504455566e-01 -1.556666430203214476e-16 8.997230529785156250e-01 4.364612102508544922e-01
-9.108323603868484497e-02 -2.659315802156925201e-02 -9.340866208076477051e-01 -1.556666430203214476e-16 8.997230529785156250e-01 4.364612102508544922e-01
-4.561191797256469727e-02 -1.559422351419925690e-02 -9.679362773895263672e-01 1.556666430203214476e-16 -8.997230529785156250e-01 -4.364612102508544922e-01
-2.178963273763656616e-01 -6.342151761054992676e-02 -8.780282139778137207e-01 8.019727468490600586e-01 2.607247531414031982e-01 -5.374591350555419922e-01
-1.251418441534042358e-01 -4.620997235178947449e-02 -8.936484456062316895e-01 -1.556666430203214476e-16 8.997230529785156250e-01 4.364612102508544922e-01
-3.766874596476554871e-02 6.964223086833953857e-02 -8.418596982955932617e-01 -1.556666430203214476e-16 8.997230529785156250e-01 4.364612102508544922e-01
2.375318706035614014e-01 8.661866188049316406e-02 -9.669870138168334961e-01 5.973606705665588379e-01 -3.500300049781799316e-01 7.215533852577209473e-01
3.224679827690124512e-02 3.333102539181709290e-02 -8.059826493263244629e-01 -5.973606705665588379e-01 3.500300049781799316e-01 -7.215533852577209473e-01
1.200487986207008362e-01 1.665153503417968750e-01 -1.101817846298217773e+00 8.019727468490600586e-01 2.607247531414031982e-01 -5.374591350555419922e-01
1.364657878875732422e-01 1.367867887020111084e-01 -9.802718162536621094e-01 -1.556666430203214476e-16 8.997230529785156250e-01 4.364612102508544922e-01
5.288854241371154785e-02 -1.682620868086814880e-02 -9.653966426849365234e-01 1.556666430203214476e-16 -8.997230529785156250e-01 -4.364612102508544922e-01
-1.169954761862754822e-01 -1.186502128839492798e-01 -7.666739225387573242e-01 1.556666430203214476e-16 -8.997230529785156250e-01 -4.364612102508544922e-01
1.879728287458419800e-01 3.401640802621841431e-02 -1.059027433395385742e+00 -1.556666430203214476e-16 8.997230529785156250e-01 4.364612102508544922e-01
-9.488627314567565918e-02 3.758867457509040833e-02 -7.981397509574890137e-01 -1.556666430203214476e-16 8.997230529785156250e-01 4.364612102508544922e-01
8.821361511945724487e-02 5.476641282439231873e-02 -8.335500359535217285e-01 -1.556666430203214476e-16 8.997230529785156250e-01 4.364612102508544922e-01
-1.257209628820419312e-01 -5.606621503829956055e-03 -9.881943464279174805e-01 5.973606705665588379e-01 -3.500300049781799316e-01 7.215533852577209473e-01
-1.321186870336532593e-01 -6.480751186609268188e-02 -8.664878010749816895e-01 1.556666430203214476e-16 -8.997230529785156250e-01 -4.364612102508544922e-01
-1.837703734636306763e-01 -3.515078499913215637e-02 -9.164459109306335449e-01 -1.556666430203214476e-16 8.997230529785156250e-01 4.364612102508544922e-01
7.118405401706695557e-02 1.744962483644485474e-01 -1.078385710716247559e+00 -4.535543024539947510e-01 -3.197594583034515381e-01 -8.318908810615539551e-01
2.479497343301773071e-02 1.518069803714752197e-01 -1.011234521865844727e+00 -1.556666430203214476e-16 8.997230529785156250e-01 4.364612102508544922e-01
1.544817686080932617e-01 1.009254008531570435e-01 -9.063469767570495605e-01 -1.556666430203214476e-16 8.997230529785156250e-01 4.364612102508544922e-01
1.234251707792282104e-01 4.551664367318153381e-02 -1.082734107971191406e+00 -1.556666430203214476e-16 8.997230529785156250e-01 4.364612102508544922e-01
9.196468442678451538e-02 1.720242053270339966e-01 -1.052910327911376953e+00 -1.556666430203214476e-16 8.997230529785156250e-01 4.364612102508544922e-01
4.764283075928688049e-02 -6.873214244842529297e-02 -8.695752024650573730e-01 1.556666430203214476e-16 -8.997230529785156250e-01 -4.364612102508544922e-01
-4.765900224447250366e-02 -8.758408576250076294e-02 -8.177547454833984375e-01 7.409384846687316895e-02 -9.361912608146667480e-01 -3.435926139354705811e-01
1.080253422260284424e-01 -2.805660013109445572e-03 -9.942986965179443359e-01 1.556666430203214476e-16 -8.997230529785156250e-01 -4.364612102508544922e-01
3.416383266448974609e-02 -1.738382317125797272e-02 -9.642471671104431152e-01 1.556666430203214476e-16 -8.997230529785156250e-01 -4.364612102508544922e-01
8.642517030239105225e-02 1.891580969095230103e-02 -1.027899026870727539e+00 -1.556666430203214476e-16 8.997230529785156250e-01 4.364612102508544922e-01
3.183427453041076660e-02 4.786675795912742615e-02 -8.193270564079284668e-01 -1.556666430203214476e-16 8.997230529785156250e-01 4.364612102508544922e-01
-3.702176362276077271e-02 5.752033367753028870e-02 -8.168715834617614746e-01 -1.556666430203214476e-16 8.997230529785156250e-01 4.364612102508544922e-01
1.161995008587837219e-01 1.259150803089141846e-01 -1.131796121597290039e+00 -8.019727468490600586e-01 -2.607247531414031982e-01 5.374591350555419922e-01
-1.245698630809783936e-01 -5.829513818025588989e-02 -8.799124360084533691e-01 1.556666430203214476e-16 -8.997230529785156250e-01 -4.364612102508544922e-01
1.212145090103149414e-01 5.643995478749275208e-02 -1.105251431465148926e+00 -1.556666430203214476e-16 8.997230529785156250e-01 4.364612102508544922e-01
-2.260219007730484009e-01 -5.473295971751213074e-02 -9.168602824211120605e-01 5.927478075027465820e-01 -4.589228034019470215e-01 6.618457436561584473e-01
-5.287226662039756775e-02 -5.110507365316152573e-03 -7.440208196640014648e-01 5.973606705665588379e-01 -3.500300049781799316e-01 7.215533852577209473e-01
-1.742012202739715576e-01 1.614903286099433899e-02 -7.742280960083007812e-01 -8.019727468490600586e-01 -2.607247531414031982e-01 5.374591350555419922e-01
1.900939196348190308e-01 1.687771873548626900e-03 -9.923850893974304199e-01 -1.556666430203214476e-16 8.997230529785156250e-01 4.364612102508544922e-01
7.693466730415821075e-03 2.909244596958160400e-02 -7.806255817413330078e-01 -1.556666430203214476e-16 8.997230529785156250e-01 4.364612102508544922e-01
1.009422838687896729e-01 -3.968077152967453003e-02 -9.071077704429626465e-01 -1.556666430203214476e-16 8.997230529785156250e-01 4.364612102508544922e-01
-6.954005360603332520e-02 5.572372302412986755e-02 -8.355234265327453613e-01 -1.556666430203214476e-16 8.997230529785156250e-01 4.364612102508544922e-01
2.113368660211563110e-01 8.129744231700897217e-02 -9.329493641853332520e-01 1.556666430203214476e-16 -8.997230529785156250e-01 -4.364612102508544922e-01
2.568887770175933838e-01 1.133304759860038757e-01 -9.328682422637939453e-01 5.973606705665588379e-01 -3.500300049781799316e-01 7.215533852577209473e-01
5.190117284655570984e-02 -1.332444418221712112e-02 -9.726151823997497559e-01 1.556666430203214476e-16 -8.997230529785156250e-01 -4.364612102508544922e-01
-1.444612443447113037e-01 8.691217750310897827e-02 -9.277982115745544434e-01 -5.973606705665588379e-01 3.500300049781799316e-01 -7.215533852577209473e-01
1.495357453823089600e-01 9.956178069114685059e-02 -9.258913993835449219e-01 -1.556666430203214476e-16 8.997230529785156250e-01 4.364612102508544922e-01
-1.543133053928613663e-02 2.376617118716239929e-02 -1.047647833824157715e+00 -7.409384846687316895e-02 -8.493591547012329102e-01 -5.225889086723327637e-01
-1.013379693031311035e-01 -9.114526212215423584e-02 -7.456329464912414551e-01 5.973606705665588379e-01 -3.500300049781799316e-01 7.215533852577209473e-01
-5.496433377265930176e-02 1.395877152681350708e-01 -9.860456585884094238e-01 -1.556666430203214476e-16 8.997230529785156250e-01 4.364612102508544922e-01
4.532911628484725952e-02 5.569652840495109558e-02 -8.131119608879089355e-01 -1.556666430203214476e-16 8.997230529785156250e-01 4.364612102508544922e-01
-1.217408329248428345e-01 -3.299707546830177307e-03 -6.917685270309448242e-01 -8.019727468490600586e-01 -2.607247531414031982e-01 5.374591350555419922e-01
-2.496230304241180420e-01 -8.908918499946594238e-02 -9.378209114074707031e-01 8.019727468490600586e-01 2.607247531414031982e-01 -5.374591350555419922e-01
1.369079798460006714e-01 7.596406340599060059e-02 -8.618066310882568359e-01 5.973606705665588379e-01 -3.500300049781799316e-01 7.215533852577209473e-01
1.937209665775299072e-01 1.300456970930099487e-01 -9.663756489753723145e-01 -1.556666430203214476e-16 8.997230529785156250e-01 4.364612102508544922e-01
-7.125007454305887222e-03 1.605605334043502808e-01 -1.029279112815856934e+00 -1.556666430203214476e-16 8.997230529785156250e-01 4.364612102508544922e-01
-1.379051953554153442e-01 9.853297472000122070e-02 -9.237706065177917480e-01 -1.556666430203214476e-16 8.997230529785156250e-01 4.364612102508544922e-01
6.449772417545318604e-02 3.741385042667388916e-02 -1.066030979156494141e+00 -1.556666430203214476e-16 8.997230529785156250e-01 4.364612102508544922e-01
2.344031780958175659e-01 6.016949564218521118e-02 -9.510046839714050293e-01 8.019727468490600586e-01 2.607247531414031982e-01 -5.374591350555419922e-01
-1.716406941413879395e-01 2.887747436761856079e-02 -7.642327547073364258e-01 8.019727468490600586e-01 2.607247531414031982e-01 -5.374591350555419922e-01
-2.014827728271484375e-02 -5.400936584919691086e-03 -9.889487624168395996e-01 1.556666430203214476e-16 -8.997230529785156250e-01 -4.364612102508544922e-01
-1.304204612970352173e-01 -3.662203205749392509e-03 -9.935020208358764648e-01 -5.973606705665588379e-01 3.500300049781799316e-01 -7.215533852577209473e-01
-9.788578003644943237e-02 -8.211211860179901123e-02 -8.308159708976745605e-01 1.556666430203214476e-16 -8.997230529785156250e-01 -4.364612102508544922e-01
-1.651368588209152222e-01 9.316809475421905518e-03 -7.821704149246215820e-01 -8.019727468490600586e-01 -2.607247531414031982e-01 5.374591350555419922e-01
-1.742139831185340881e-02 1.065971255302429199e-01 -9.180386662483215332e-01 -1.556666430203214476e-16 8.997230529785156250e-01 4.364612102508544922e-01
1.494915932416915894e-01 7.744605187326669693e-03 -1.004870653152465820e+00 -1.556666430203214476e-16 8.997230529785156250e-01 4.364612102508544922e-01
1.493949294090270996e-01 1.270397007465362549e-01 -9.825344681739807129e-01 -1.556666430203214476e-16 8.997230529785156250e-01 4.364612102508544922e-01
1.870392709970474243e-01 2.582675777375698090e-02 -1.064499378204345703e+00 1.556666430203214476e-16 -8.997230529785156250e-01 -4.364612102508544922e-01
-2.675343118607997894e-02 -7.267867214977741241e-03 -9.851002693176269531e-01 1.556666430203214476e-16 -8.997230529785156250e-01 -4.364612102508544922e-01
-1.472366154193878174e-01 5.504814907908439636e-02 -8.117753863334655762e-01 -1.556666430203214476e-16 8.997230529785156250e-01 4.364612102508544922e-01
-1.815936565399169922e-01 8.057825267314910889e-02 -8.867586851119995117e-01 -1.556666430203214476e-16 8.997230529785156250e-01 4.364612102508544922e-01
-1.028727293014526367e-01 -1.629810929298400879e-01 -7.803360819816589355e-01 7.957799434661865234e-01 1.471157073974609375e-01 -5.874447226524353027e-01
2.417289763689041138e-01 -3.269002959132194519e-02 -1.021426916122436523e+00 -8.019727468490600586e-01 -2.607247531414031982e-01 5.374591350555419922e-01
1.276719719171524048e-01 1.409283876419067383e-01 -1.011164665222167969e+00 -1.556666430203214476e-16 8.997230529785156250e-01 4.364612102508544922e-01
1.013542041182518005e-01 1.559153348207473755e-01 -1.103087544441223145e+00 8.019727468490600586e-01 2.607247531414031982e-01 -5.374591350555419922e-01
2.434636950492858887e-01 5.938874930143356323e-02 -9.580628871917724609e-01 5.973606705665588379e-01 -3.500300049781799316e-01 7.215533852577209473e-01
1.064752638339996338e-01 8.499773591756820679e-02 -8.958690166473388672e-01 -1.556666430203214476e-16 8.997230529785156250e-01 4.364612102508544922e-01
9.515263885259628296e-02 1.520013660192489624e-01 -1.033990621566772461e+00 -1.556666430203214476e-16 8.997230529785156250e-01 4.364612102508544922e-01
-1.199172288179397583e-01 -2.117311954498291016e-02 -9.564359188079833984e-01 1.556666430203214476e-16 -8.997230529785156250e-01 -4.364612102508544922e-01
1.391007900238037109e-01 5.150626599788665771e-02 -1.095081090927124023e+00 -1.556666430203214476e-16 8.997230529785156250e-01 4.364612102508544922e-01
-5.356865748763084412e-02 1.256816368550062180e-02 -7.247267365455627441e-01 5.973606705665588379e-01 -3.500300049781799316e-01 7.215533852577209473e-01
8.046787977218627930e-02 1.350123137235641479e-01 -9.989692568778991699e-01 -1.556666430203214476e-16 8.997230529785156250e-01 4.364612102508544922e-01
2.490016222000122070e-01 -6.090687960386276245e-02 -1.024263143539428711e+00 -8.019727468490600586e-01 -2.607247531414031982e-01 5.374591350555419922e-01
1.620656996965408325e-01 4.887294396758079529e-02 -1.089652776718139648e+00 -1.556666430203214476e-16 8.997230529785156250e-01 4.364612102508544922e-01
-1.160232722759246826e-02 4.191191401332616806e-03 -7.740021944046020508e-01 1.556666430203214476e-16 -8.997230529785156250e-01 -4.364612102508544922e-01
2.184332758188247681e-01 1.022590845823287964e-01 -9.725697040557861328e-01 8.019727468490600586e-01 2.607247531414031982e-01 -5.374591350555419922e-01
5.301623791456222534e-02 3.799544647336006165e-02 -8.242955803871154785e-01 5.973606705665588379e-01 -3.500300049781799316e-01 7.215533852577209473e-01
2.431962788105010986e-01 1.244981437921524048e-01 -9.565997719764709473e-01 8.019727468490600586e-01 2.607247531414031982e-01 -5.374591350555419922e-01
-2.546727061271667480e-01 8.005814999341964722e-02 -8.633311390876770020e-01 -1.556666430203214476e-16 8.997230529785156250e-01 4.364612102508544922e-01
7.291907072067260742e-02 -6.065091490745544434e-02 -8.862339258193969727e-01 1.556666430203214476e-16 -8.997230529785156250e-01 -4.364612102508544922e-01
-1.606556177139282227e-01 9.928843006491661072e-03 -7.570334076881408691e-01 -8.019727468490600586e-01 -2.607247531414031982e-01 5.374591350555419922e-01
-1.207724213600158691e-01 -9.290387853980064392e-03 -9.789851307868957520e-01 -7.411468029022216797e-02 -8.493443727493286133e-01 -5.226098895072937012e-01
-7.753267139196395874e-02 1.069747582077980042e-01 -9.188171029090881348e-01 -1.556666430203214476e-16 8.997230529785156250e-01 4.364612102508544922e-01
1.102912202477455139e-01 -3.903593495488166809e-02 -9.084370136260986328e-01 -1.556666430203214476e-16 8.997230529785156250e-01 4.364612102508544922e-01
-2.025379240512847900e-01 4.783790558576583862e-02 -7.969121932983398438e-01 -1.556666430203214476e-16 8.997230529785156250e-01 4.364612102508544922e-01
1.071453467011451721e-01 1.237053498625755310e-01 -1.110071539878845215e+00 8.019727468490600586e-01 2.607247531414031982e-01 -5.374591350555419922e-01
7.269063591957092285e-02 1.856888830661773682e-01 -1.083321094512939453e+00 -5.973606705665588379e-01 3.500300049781799316e-01 -7.215533852577209473e-01
-1.265713274478912354e-01 -1.372590777464210987e-03 -7.116567492485046387e-01 8.019727468490600586e-01 2.607247531414031982e-01 -5.374591350555419922e-01
1.450714766979217529e-01 4.715933278203010559e-02 -1.086120367050170898e+00 -1.556666430203214476e-16 8.997230529785156250e-01 4.364612102508544922e-01
-9.097607433795928955e-02 -3.721592656802386045e-04 -7.000352740287780762e-01 5.973606705665588379e-01 -3.500300049781799316e-01 7.215533852577209473e-01
1.423448920249938965e-01 3.382279351353645325e-02 -1.058628320693969727e+00 -1.556666430203214476e-16 8.997230529785156250e-01 4.364612102508544922e-01
1.212908700108528137e-01 8.902204222977161407e-03 -1.007256984710693359e+00 -1.556666430203214476e-16 8.997230529785156250e-01 4.364612102508544922e-01
7.077360898256301880e-02 -1.352574094198644161e-03 -9.972940683364868164e-01 1.556666430203214476e-16 -8.997230529785156250e-01 -4.364612102508544922e-01
-2.232812531292438507e-02 2.237462624907493591e-02 -7.559745311737060547e-01 5.973606705665588379e-01 -3.500300049781799316e-01 7.215533852577209473e-01
-4.281615838408470154e-03 2.894524484872817993e-02 -1.068590164184570312e+00 5.973606705665588379e-01 -3.500300049781799316e-01 7.215533852577209473e-01
-1.291265189647674561e-01 8.664725720882415771e-02 -8.769139051437377930e-01 -1.556666430203214476e-16 8.997230529785156250e-01 4.364612102508544922e-01
-1.528385281562805176e-02 1.219225600361824036e-01 -9.719859957695007324e-01 -1.556666430203214476e-16 8.997230529785156250e-01 4.364612102508544922e-01
-9.031935036182403564e-02 -7.535942364484071732e-03 -9.845476746559143066e-01 1.556666430203214476e-16 -8.997230529785156250e-01 -4.364612102508544922e-01
-8.586463332176208496e-02 1.182693541049957275e-01 -9.420998692512512207e-01 -1.556666430203214476e-16 8.997230529785156250e-01 4.364612102508544922e-01
1.773181259632110596e-01 1.767182536423206329e-02 -1.036511063575744629e+00 1.556666430203214476e-16 -8.997230529785156250e-01 -4.364612102508544922e-01
4.686285182833671570e-02 2.396655641496181488e-02 -8.147671818733215332e-01 1.556666430203214476e-16 -8.997230529785156250e-01 -4.364612102508544922e-01
2.304037213325500488e-01 4.342247173190116882e-02 -9.650965929031372070e-01 8.019727468490600586e-01 2.607247531414031982e-01 -5.374591350555419922e-01
5.928574502468109131e-02 2.947388589382171631e-02 -1.049663543701171875e+00 -1.556666430203214476e-16 8.997230529785156250e-01 4.364612102508544922e-01
8.947664871811866760e-03 4.064471647143363953e-02 -7.820841073989868164e-01 -1.556666430203214476e-16 8.997230529785156250e-01 4.364612102508544922e-01
1.666494607925415039e-01 1.613212525844573975e-01 -1.045029878616333008e+00 6.089093685150146484e-01 -3.875646889209747314e-01 -6.921148300170898438e-01
1.645352095365524292e-01 6.703888624906539917e-02 -8.890083432197570801e-01 5.973606705665588379e-01 -3.500300049781799316e-01 7.215533852577209473e-01
-1.337160617113113403e-01 2.814711770042777061e-03 -7.066712975502014160e-01 -8.019727468490600586e-01 -2.607247531414031982e-01 5.374591350555419922e-01
-1.250465959310531616e-01 -9.444581717252731323e-02 -7.545320391654968262e-01 8.019727468490600586e-01 2.607247531414031982e-01 -5.374591350555419922e-01
1.194120496511459351e-01 1.374997645616531372e-01 -1.004096984863281250e+00 -1.556666430203214476e-16 8.997230529785156250e-01 4.364612102508544922e-01
-1.075566112995147705e-01 1.022864580154418945e-01 -9.091526269912719727e-01 -1.556666430203214476e-16 8.997230529785156250e-01 4.364612102508544922e-01
1.424795985221862793e-01 4.913110285997390747e-02 -1.111677169799804688e+00 -8.019727468490600586e-01 -2.607247531414031982e-01 5.374591350555419922e-01
3.947309404611587524e-02 1.216729432344436646e-01 -9.714714288711547852e-01 -1.556666430203214476e-16 8.997230529785156250e-01 4.364612102508544922e-01
1.187366805970668793e-02 -1.386634819209575653e-02 -9.603217244148254395e-01 -1.556666430203214476e-16 8.997230529785156250e-01 4.364612102508544922e-01
2.246155440807342529e-01 1.063486095517873764e-02 -1.010828614234924316e+00 -1.556666430203214476e-16 8.997230529785156250e-01 4.364612102508544922e-01
-2.364384084939956665e-01 2.700262703001499176e-02 -8.671926856040954590e-01 -5.973606705665588379e-01 3.500300049781799316e-01 -7.215533852577209473e-01
-1.195021718740463257e-01 8.726030588150024414e-03 -7.162867784500122070e-01 -1.556666430203214476e-16 8.997230529785156250e-01 4.364612102508544922e-01
5.253769829869270325e-02 1.425950080156326294e-01 -9.922448992729187012e-01 -1.556666430203214476e-16 8.997230529785156250e-01 4.364612102508544922e-01
-1.821116656064987183e-01 -4.822215437889099121e-02 -9.006769061088562012e-01 1.556666430203214476e-16 -8.997230529785156250e-01 -4.364612102508544922e-01
-6.165261380374431610e-03 -6.886127591133117676e-02 -8.581313490867614746e-01 1.556666430203214476e-16 -8.997230529785156250e-01 -4.364612102508544922e-01
1.294386088848114014e-01 1.629552394151687622e-01 -1.056570887565612793e+00 -1.556666430203214476e-16 8.997230529785156250e-01 4.364612102508544922e-01
-2.080458216369152069e-02 9.821270406246185303e-02 -9.231103658676147461e-01 -1.556666430203214476e-16 8.997230529785156250e-01 4.364612102508544922e-01
-1.233147680759429932e-01 6.969027221202850342e-02 -8.419587612152099609e-01 -1.556666430203214476e-16 8.997230529785156250e-01 4.364612102508544922e-01
-2.797202393412590027e-02 1.468870788812637329e-01 -1.008665800094604492e+00 -5.973606705665588379e-01 3.500300049781799316e-01 -7.215533852577209473e-01
-5.477723106741905212e-02 -5.567670240998268127e-02 -8.741337060928344727e-01 -1.556666430203214476e-16 8.997230529785156250e-01 4.364612102508544922e-01
3.545764833688735962e-03 -1.397791691124439240e-02 -9.600917696952819824e-01 -1.556666430203214476e-16 8.997230529785156250e-01 4.364612102508544922e-01
1.794855147600173950e-01 1.255806684494018555e-01 -1.024235010147094727e+00 1.556666430203214476e-16 -8.997230529785156250e-01 -4.364612102508544922e-01
2.203763090074062347e-02 9.890500456094741821e-02 -9.245374798774719238e-01 -1.556666430203214476e-16 8.997230529785156250e-01 4.364612102508544922e-01
4.801784455776214600e-02 -7.261903584003448486e-02 -8.602946996688842773e-01 5.973606705665588379e-01 -3.500300049781799316e-01 7.215533852577209473e-01
-2.234382331371307373e-01 4.325992986559867859e-02 -8.345457315444946289e-01 -8.019727468490600586e-01 -2.607247531414031982e-01 5.374591350555419922e-01
