1.137895584106445312e-01 5.525384470820426941e-02 -5.953573584556579590e-01 -9.766826033592224121e-01 1.045678257942199707e-01 -1.875010728836059570e-01
-1.446280479431152344e-01 -1.355735510587692261e-01 -8.071067333221435547e-01 -9.766826033592224121e-01 1.045678257942199707e-01 -1.875010728836059570e-01
-4.211507737636566162e-02 -6.859248131513595581e-02 -9.746733307838439941e-01 2.146883457899093628e-01 4.757108688354492188e-01 -8.529994487762451172e-01
1.543170809745788574e-01 3.793568536639213562e-02 -8.161211609840393066e-01 -9.766826033592224121e-01 1.045678257942199707e-01 -1.875010728836059570e-01
-1.394392456859350204e-02 1.317772269248962402e-01 -8.558384776115417480e-01 2.146883457899093628e-01 4.757108688354492188e-01 -8.529994487762451172e-01
-9.519264101982116699e-02 -5.295174941420555115e-02 -6.891806721687316895e-01 2.146883457899093628e-01 4.757108688354492188e-01 -8.529994487762451172e-01
-3.047847375273704529e-02 8.772686123847961426e-02 -5.841295123100280762e-01 4.207179297089811646e-16 8.733640313148498535e-01 4.870680272579193115e-01
-6.905368715524673462e-02 1.264989972114562988e-01 -6.536520123481750488e-01 4.207179297089811646e-16 8.733640313148498535e-01 4.870680272579193115e-01
-1.182964444160461426e-01 1.665596365928649902e-01 -7.254849672317504883e-01 4.207179297089811646e-16 8.733640313148498535e-01 4.870680272579193115e-01
-1.058719232678413391e-01 -5.842581391334533691e-02 -9.079090356826782227e-01 -2.142128348350524902e-01 -5.327528119087219238e-01 8.187108039855957031e-01
9.613659232854843140e-02 1.780175976455211639e-02 -5.858656167984008789e-01 -2.146883457899093628e-01 -4.757108688354492188e-01 8.529994487762451172e-01
-1.465059667825698853e-01 3.406982496380805969e-02 -7.027159929275512695e-01 -9.766826033592224121e-01 1.045678257942199707e-01 -1.875010728836059570e-01
-1.034264937043190002e-01 -6.160284578800201416e-02 -9.804704189300537109e-01 -9.766826033592224121e-01 1.045678257942199707e-01 -1.875010728836059570e-01
-4.269069060683250427e-02 1.680362620390951633e-03 -9.199261665344238281e-01 -2.146883457899093628e-01 -4.757108688354492188e-01 8.529994487762451172e-01
-1.159427687525749207e-03 7.852488756179809570e-02 -5.951271653175354004e-01 4.207179297089811646e-16 8.733640313148498535e-01 4.870680272579193115e-01
1.286152154207229614e-01 1.921151764690876007e-02 -6.212534308433532715e-01 9.766826033592224121e-01 -1.045678257942199707e-01 1.875010728836059570e-01
2.826338075101375580e-02 1.795363426208496094e-01 -8.163119554519653320e-01 2.146883457899093628e-01 4.757108688354492188e-01 -8.529994487762451172e-01
-1.038934364914894104e-01 3.318527340888977051e-02 -6.276311874389648438e-01 -2.146883457899093628e-01 -4.757108688354492188e-01 8.529994487762451172e-01
8.458486199378967285e-02 3.140826895833015442e-02 -5.968862175941467285e-01 2.146883457899093628e-01 4.757108688354492188e-01 -8.529994487762451172e-01
-1.532932370901107788e-01 -7.806688663549721241e-04 -6.867973208427429199e-01 -9.766826033592224121e-01 1.045678257942199707e-01 -1.875010728836059570e-01
-1.496321111917495728e-01 -1.745278388261795044e-01 -8.013273477554321289e-01 -4.207179297089811646e-16 -8.733640313148498535e-01 -4.870680272579193115e-01
-1.450235545635223389e-01 1.374958734959363937e-02 -7.217702269554138184e-01 -9.766826033592224121e-01 1.045678257942199707e-01 -1.875010728836059570e-01
-1.054713129997253418e-01 1.670543700456619263e-01 -7.263720631599426270e-01 4.207179297089811646e-16 8.733640313148498535e-01 4.870680272579193115e-01
9.455353766679763794e-02 9.907022863626480103e-02 -8.288015127182006836e-01 -2.146883457899093628e-01 -4.757108688354492188e-01 8.529994487762451172e-01
1.345762461423873901e-01 6.284381449222564697e-02 -6.452804207801818848e-01 -2.146883457899093628e-01 -4.757108688354492188e-01 8.529994487762451172e-01
3.250528499484062195e-02 -1.783196628093719482e-02 -6.252128481864929199e-01 -9.745193123817443848e-01 4.623990505933761597e-02 -2.194855958223342896e-01
-1.325111538171768188e-01 8.634088933467864990e-02 -5.816443562507629395e-01 4.207179297089811646e-16 8.733640313148498535e-01 4.870680272579193115e-01
-1.220090016722679138e-01 1.148007661104202271e-01 -6.601736545562744141e-01 4.207179297089811646e-16 8.733640313148498535e-01 4.870680272579193115e-01
5.948197469115257263e-02 6.374228745698928833e-02 -5.686204433441162109e-01 4.207179297089811646e-16 8.733640313148498535e-01 4.870680272579193115e-01
-1.513533890247344971e-01 -1.446631699800491333e-01 -7.771440148353576660e-01 -9.766826033592224121e-01 1.045678257942199707e-01 -1.875010728836059570e-01
-1.048173829913139343e-01 1.341186165809631348e-01 -8.640730977058410645e-01 -9.766826033592224121e-01 1.045678257942199707e-01 -1.875010728836059570e-01
1.635853201150894165e-01 1.099472865462303162e-02 -8.079931735992431641e-01 9.766826033592224121e-01 -1.045678257942199707e-01 1.875010728836059570e-01
-4.387658834457397461e-02 3.088083118200302124e-02 -6.196886897087097168e-01 -4.207179297089811646e-16 -8.733640313148498535e-01 -4.870680272579193115e-01
-1.273441463708877563e-01 1.256294250488281250e-01 -6.520928144454956055e-01 4.207179297089811646e-16 8.733640313148498535e-01 4.870680272579193115e-01
-7.931517437100410461e-03 1.150567829608917236e-01 -6.473185420036315918e-01 -2.146883457899093628e-01 -4.757108688354492188e-01 8.529994487762451172e-01
-1.133988648653030396e-01 1.789999604225158691e-01 -7.943426966667175293e-01 -9.766826033592224121e-01 1.045678257942199707e-01 -1.875010728836059570e-01
-9.940644353628158569e-02 1.729646921157836914e-01 -7.991637587547302246e-01 9.766826033592224121e-01 -1.045678257942199707e-01 1.875010728836059570e-01
-1.178611740469932556e-01 7.741231471300125122e-02 -8.277533650398254395e-01 -9.766826033592224121e-01 1.045678257942199707e-01 -1.875010728836059570e-01
1.495860666036605835e-01 4.511713981628417969e-02 -7.713333368301391602e-01 -2.142128497362136841e-01 -5.327522754669189453e-01 8.187111616134643555e-01
-1.245233789086341858e-01 1.851824969053268433e-01 -7.863754630088806152e-01 4.207179297089811646e-16 8.733640313148498535e-01 4.870680272579193115e-01
1.138693466782569885e-01 -1.887259483337402344e-01 -7.318385243415832520e-01 -9.766826033592224121e-01 1.045678257942199707e-01 -1.875010728836059570e-01
-1.236443743109703064e-01 8.374597132205963135e-02 -6.201063394546508789e-01 2.146883457899093628e-01 4.757108688354492188e-01 -8.529994487762451172e-01
8.652354031801223755e-02 1.308541744947433472e-01 -6.889591217041015625e-01 4.207179297089811646e-16 8.733640313148498535e-01 4.870680272579193115e-01
1.550192534923553467e-01 6.103213876485824585e-02 -8.068980574607849121e-01 -9.766826033592224121e-01 1.045678257942199707e-01 -1.875010728836059570e-01
-1.132254600524902344e-01 3.337929397821426392e-02 -8.764573931694030762e-01 -9.766826033592224121e-01 1.045678257942199707e-01 -1.875010728836059570e-01
-9.414381533861160278e-02 -5.818874761462211609e-02 -9.554888606071472168e-01 9.766826033592224121e-01 -1.045678257942199707e-01 1.875010728836059570e-01
1.078062877058982849e-01 -6.107962504029273987e-02 -6.290690898895263672e-01 -9.766826033592224121e-01 1.045678257942199707e-01 -1.875010728836059570e-01
1.366284936666488647e-01 1.732968389987945557e-01 -7.768162488937377930e-01 -2.146883457899093628e-01 -4.757108688354492188e-01 8.529994487762451172e-01
-8.175775408744812012e-02 8.075819909572601318e-02 -8.856577873229980469e-01 -2.146883457899093628e-01 -4.757108688354492188e-01 8.529994487762451172e-01
-4.842368140816688538e-02 1.857613176107406616e-01 -8.187086582183837891e-01 -2.146883457899093628e-01 -4.757108688354492188e-01 8.529994487762451172e-01
1.261261701583862305e-01 1.543930619955062866e-01 -7.900019884109497070e-01 -2.146883457899093628e-01 -4.757108688354492188e-01 8.529994487762451172e-01
-5.613057687878608704e-02 7.241517305374145508e-02 -5.937317609786987305e-01 -2.146883457899093628e-01 -4.757108688354492188e-01 8.529994487762451172e-01
1.063661202788352966e-01 3.532939404249191284e-02 -5.735160112380981445e-01 -2.146883457899093628e-01 -4.757108688354492188e-01 8.529994487762451172e-01
-6.437631323933601379e-03 3.848024457693099976e-02 -6.158513426780700684e-01 2.146883457899093628e-01 4.757108688354492188e-01 -8.529994487762451172e-01
-8.987302333116531372e-02 1.656268239021301270e-01 -8.529150485992431641e-01 -9.766826033592224121e-01 1.045678257942199707e-01 -1.875010728836059570e-01
1.529640108346939087e-01 -2.961397171020507812e-02 -8.467449545860290527e-01 -9.766826033592224121e-01 1.045678257942199707e-01 -1.875010728836059570e-01
-1.031537130475044250e-01 1.287573128938674927e-01 -6.577014327049255371e-01 4.207179297089811646e-16 8.733640313148498535e-01 4.870680272579193115e-01
-3.729396313428878784e-02 1.816612780094146729e-01 -7.525637745857238770e-01 4.207179297089811646e-16 8.733640313148498535e-01 4.870680272579193115e-01
1.397410333156585693e-01 -5.975466966629028320e-02 -9.217051863670349121e-01 2.146883457899093628e-01 4.757108688354492188e-01 -8.529994487762451172e-01
1.433712989091873169e-01 9.991214424371719360e-02 -6.059790253639221191e-01 4.207179297089811646e-16 8.733640313148498535e-01 4.870680272579193115e-01
-1.559206843376159668e-01 -2.385152131319046021e-02 -6.859775185585021973e-01 -9.766826033592224121e-01 1.045678257942199707e-01 -1.875010728836059570e-01
1.115582138299942017e-01 6.564967334270477295e-02 -8.431600332260131836e-01 -2.146883457899093628e-01 -4.757108688354492188e-01 8.529994487762451172e-01
9.259966760873794556e-02 1.221088618040084839e-01 -6.732778549194335938e-01 4.207179297089811646e-16 8.733640313148498535e-01 4.870680272579193115e-01
3.821767494082450867e-02 1.339726895093917847e-02 -6.186007857322692871e-01 2.146883457899093628e-01 4.757108688354492188e-01 -8.529994487762451172e-01
1.014553755521774292e-01 -1.460852175951004028e-01 -6.916267871856689453e-01 2.146883457899093628e-01 4.757108688354492188e-01 -8.529994487762451172e-01
-8.533993363380432129e-02 1.815732121467590332e-01 -7.799036502838134766e-01 4.207179297089811646e-16 8.733640313148498535e-01 4.870680272579193115e-01
-1.523460000753402710e-01 1.374695301055908203e-01 -6.733233332633972168e-01 4.207179297089811646e-16 8.733640313148498535e-01 4.870680272579193115e-01
-7.193183898925781250e-02 2.576916106045246124e-02 -9.138516783714294434e-01 -2.146883457899093628e-01 -4.757108688354492188e-01 8.529994487762451172e-01
2.219084464013576508e-02 1.807335019111633301e-01 -7.783979177474975586e-01 4.207179297089811646e-16 8.733640313148498535e-01 4.870680272579193115e-01
-1.092337965965270996e-01 1.875723749399185181e-01 -8.112574815750122070e-01 -9.766826033592224121e-01 1.045678257942199707e-01 -1.875010728836059570e-01
-5.214138329029083252e-02 -3.809250146150588989e-02 -9.444857835769653320e-01 -2.146883457899093628e-01 -4.757108688354492188e-01 8.529994487762451172e-01
1.259736269712448120e-01 -8.407358825206756592e-02 -9.387327432632446289e-01 2.146883457899093628e-01 4.757108688354492188e-01 -8.529994487762451172e-01
9.445470571517944336e-02 1.864280402660369873e-01 -7.886088490486145020e-01 4.207179297089811646e-16 8.733640313148498535e-01 4.870680272579193115e-01
-1.080035790801048279e-01 1.753082424402236938e-01 -7.686699032783508301e-01 4.207179297089811646e-16 8.733640313148498535e-01 4.870680272579193115e-01
-1.529076397418975830e-01 -1.308562457561492920e-01 -7.613479495048522949e-01 -9.766826033592224121e-01 1.045678257942199707e-01 -1.875010728836059570e-01
-6.378439813852310181e-02 3.780924901366233826e-02 -9.050863981246948242e-01 -2.146883457899093628e-01 -4.757108688354492188e-01 8.529994487762451172e-01
1.545925438404083252e-01 1.386063843965530396e-01 -7.614127993583679199e-01 -9.766826033592224121e-01 1.045678257942199707e-01 -1.875010728836059570e-01
1.024387478828430176e-01 4.125673323869705200e-02 -8.747604489326477051e-01 2.146883457899093628e-01 4.757108688354492188e-01 -8.529994487762451172e-01
3.267662972211837769e-02 1.322462558746337891e-01 -6.914552450180053711e-01 4.207179297089811646e-16 8.733640313148498535e-01 4.870680272579193115e-01
-1.054593473672866821e-01 1.924362331628799438e-01 -8.282058835029602051e-01 -9.766826033592224121e-01 1.045678257942199707e-01 -1.875010728836059570e-01
-1.681372225284576416e-01 1.351595371961593628e-01 -6.966790556907653809e-01 4.207179297089811646e-16 8.733640313148498535e-01 4.870680272579193115e-01
-1.496308743953704834e-01 -6.618521362543106079e-02 -7.423499822616577148e-01 -9.766826033592224121e-01 1.045678257942199707e-01 -1.875010728836059570e-01
-6.638099998235702515e-02 7.305657863616943359e-02 -5.633302927017211914e-01 -2.146883457899093628e-01 -4.757108688354492188e-01 8.529994487762451172e-01
1.630508527159690857e-02 9.744195640087127686e-02 -6.015497446060180664e-01 4.207179297089811646e-16 8.733640313148498535e-01 4.870680272579193115e-01
-1.043660566210746765e-01 1.294030100107192993e-01 -6.863569617271423340e-01 4.207179297089811646e-16 8.733640313148498535e-01 4.870680272579193115e-01
-1.383295804262161255e-01 -1.474938839673995972e-01 -8.117824196815490723e-01 2.142128050327301025e-01 4.165610671043395996e-01 -8.835098147392272949e-01
-1.152132824063301086e-01 1.131994202733039856e-01 -6.298044919967651367e-01 4.207179297089811646e-16 8.733640313148498535e-01 4.870680272579193115e-01
1.616012901067733765e-01 -8.007970638573169708e-03 -8.082561492919921875e-01 9.766826033592224121e-01 -1.045678257942199707e-01 1.875010728836059570e-01
5.809665843844413757e-02 -2.218237519264221191e-02 -6.177386045455932617e-01 -2.146883457899093628e-01 -4.757108688354492188e-01 8.529994487762451172e-01
1.427806764841079712e-01 -9.178111702203750610e-02 -9.388010501861572266e-01 2.146883457899093628e-01 4.757108688354492188e-01 -8.529994487762451172e-01
1.589619815349578857e-01 1.096239592880010605e-02 -8.774291872978210449e-01 2.146883457899093628e-01 4.757108688354492188e-01 -8.529994487762451172e-01
-6.631786376237869263e-02 7.637660950422286987e-02 -5.978192090988159180e-01 -9.766826033592224121e-01 1.045678257942199707e-01 -1.875010728836059570e-01
1.443183273077011108e-01 8.778382092714309692e-02 -8.225707411766052246e-01 -2.146883457899093628e-01 -4.757108688354492188e-01 8.529994487762451172e-01
-8.358749002218246460e-02 -1.451031863689422607e-01 -7.376518845558166504e-01 2.146883457899093628e-01 4.757108688354492188e-01 -8.529994487762451172e-01
3.123866161331534386e-03 3.347802907228469849e-02 -6.005331277847290039e-01 -2.146883457899093628e-01 -4.757108688354492188e-01 8.529994487762451172e-01
1.428044736385345459e-01 1.924196779727935791e-01 -7.993525266647338867e-01 4.207179297089811646e-16 8.733640313148498535e-01 4.870680272579193115e-01
-1.469358652830123901e-01 8.011521399021148682e-02 -6.747975349426269531e-01 -9.766826033592224121e-01 1.045678257942199707e-01 -1.875010728836059570e-01
-1.205958724021911621e-01 2.369964271783828735e-01 -8.519153594970703125e-01 2.146883457899093628e-01 4.757108688354492188e-01 -8.529994487762451172e-01
-1.103557348251342773e-01 -1.136919111013412476e-01 -7.268713116645812988e-01 2.146883457899093628e-01 4.757108688354492188e-01 -8.529994487762451172e-01
-1.319153755903244019e-01 8.213505893945693970e-02 -7.015941143035888672e-01 2.146883457899093628e-01 4.757108688354492188e-01 -8.529994487762451172e-01
1.112973242998123169e-01 -1.467306911945343018e-01 -6.950206160545349121e-01 -9.766826033592224121e-01 1.045678257942199707e-01 -1.875010728836059570e-01
1.074472367763519287e-01 -1.290975213050842285e-01 -6.806448698043823242e-01 2.146883457899093628e-01 4.757108688354492188e-01 -8.529994487762451172e-01
1.276989132165908813e-01 2.788843028247356415e-02 -6.645918488502502441e-01 2.142128050327301025e-01 4.165610671043395996e-01 -8.835098147392272949e-01
9.109470248222351074e-02 1.219085454940795898e-01 -8.169353008270263672e-01 -2.146883457899093628e-01 -4.757108688354492188e-01 8.529994487762451172e-01
1.340525895357131958e-01 -8.212589472532272339e-02 -9.356131553649902344e-01 2.146883457899093628e-01 4.757108688354492188e-01 -8.529994487762451172e-01
-1.169219613075256348e-01 4.947304353117942810e-02 -8.482271432876586914e-01 -9.766826033592224121e-01 1.045678257942199707e-01 -1.875010728836059570e-01
6.021569669246673584e-02 1.184462979435920715e-01 -6.667104363441467285e-01 4.207179297089811646e-16 8.733640313148498535e-01 4.870680272579193115e-01
-1.431857645511627197e-01 6.686080247163772583e-02 -7.017234563827514648e-01 -9.766826033592224121e-01 1.045678257942199707e-01 -1.875010728836059570e-01
1.145341098308563232e-01 2.054647654294967651e-01 -8.103213310241699219e-01 2.146883457899093628e-01 4.757108688354492188e-01 -8.529994487762451172e-01
1.106234192848205566e-01 -8.503845334053039551e-02 -6.571050286293029785e-01 -9.766826033592224121e-01 1.045678257942199707e-01 -1.875010728836059570e-01
3.670511767268180847e-02 -2.446754463016986847e-02 -6.243969798088073730e-01 -2.146883457899093628e-01 -4.757108688354492188e-01 8.529994487762451172e-01
-1.248955801129341125e-01 7.863589376211166382e-02 -5.749460458755493164e-01 -2.146883457899093628e-01 -4.757108688354492188e-01 8.529994487762451172e-01
1.647916287183761597e-01 1.169689744710922241e-01 -6.640614867210388184e-01 4.207179297089811646e-16 8.733640313148498535e-01 4.870680272579193115e-01
1.484022140502929688e-01 -4.624550044536590576e-02 -8.322581052780151367e-01 -9.766826033592224121e-01 1.045678257942199707e-01 -1.875010728836059570e-01
-1.443136632442474365e-01 -1.485682725906372070e-01 -7.445608377456665039e-01 9.766826033592224121e-01 -1.045678257942199707e-01 1.875010728836059570e-01
4.110478609800338745e-02 -6.557294726371765137e-02 -6.462137699127197266e-01 -2.146883457899093628e-01 -4.757108688354492188e-01 8.529994487762451172e-01
-5.755556002259254456e-02 1.499141752719879150e-01 -6.956378817558288574e-01 4.207179297089811646e-16 8.733640313148498535e-01 4.870680272579193115e-01
-9.953187406063079834e-02 1.393324881792068481e-01 -8.172668218612670898e-01 9.766826033592224121e-01 -1.045678257942199707e-01 1.875010728836059570e-01
3.458434715867042542e-02 1.651818156242370605e-01 -7.505121231079101562e-01 4.207179297089811646e-16 8.733640313148498535e-01 4.870680272579193115e-01
-1.242538616061210632e-01 1.223897263407707214e-01 -6.737814545631408691e-01 4.207179297089811646e-16 8.733640313148498535e-01 4.870680272579193115e-01
-1.599544845521450043e-02 1.203253269195556641e-01 -6.464099287986755371e-01 -2.146883457899093628e-01 -4.757108688354492188e-01 8.529994487762451172e-01
8.440103381872177124e-02 1.859700083732604980e-01 -7.979606986045837402e-01 9.766826033592224121e-01 -1.045678257942199707e-01 1.875010728836059570e-01
1.629398018121719360e-01 1.263120472431182861e-01 -7.403191924095153809e-01 9.766826033592224121e-01 -1.045678257942199707e-01 1.875010728836059570e-01
-7.301895320415496826e-02 -5.996645241975784302e-02 -6.758746504783630371e-01 9.745194315910339355e-01 -1.624319553375244141e-01 1.546862721443176270e-01
-5.080862715840339661e-02 4.790017753839492798e-02 -8.961929678916931152e-01 -2.146883457899093628e-01 -4.757108688354492188e-01 8.529994487762451172e-01
-2.379246056079864502e-02 4.035578668117523193e-02 -6.034719347953796387e-01 -2.146883457899093628e-01 -4.757108688354492188e-01 8.529994487762451172e-01
1.243748888373374939e-01 -1.282315701246261597e-01 -6.813936233520507812e-01 9.766826033592224121e-01 -1.045678257942199707e-01 1.875010728836059570e-01
1.190847307443618774e-01 3.042478673160076141e-02 -6.367865800857543945e-01 -9.766826033592224121e-01 1.045678257942199707e-01 -1.875010728836059570e-01
6.998669356107711792e-02 1.296857595443725586e-01 -6.868640184402465820e-01 4.207179297089811646e-16 8.733640313148498535e-01 4.870680272579193115e-01
1.103367879986763000e-01 8.014646172523498535e-02 -8.353826999664306641e-01 -2.146883457899093628e-01 -4.757108688354492188e-01 8.529994487762451172e-01
-4.659990593791007996e-02 1.125128269195556641e-01 -8.590997457504272461e-01 -2.146883457899093628e-01 -4.757108688354492188e-01 8.529994487762451172e-01
1.131816133856773376e-01 -7.353255152702331543e-02 -6.640137434005737305e-01 -9.766826033592224121e-01 1.045678257942199707e-01 -1.875010728836059570e-01
-1.140148192644119263e-01 4.063967242836952209e-02 -8.455757498741149902e-01 -2.142128348350524902e-01 -5.327528119087219238e-01 8.187108039855957031e-01
-1.543631255626678467e-01 -2.345138229429721832e-02 -6.938675642013549805e-01 -9.766826033592224121e-01 1.045678257942199707e-01 -1.875010728836059570e-01
1.618139743804931641e-01 -7.313262671232223511e-02 -8.456835150718688965e-01 9.766826033592224121e-01 -1.045678257942199707e-01 1.875010728836059570e-01
1.680286526679992676e-01 -1.747315190732479095e-02 -8.470146059989929199e-01 9.766826033592224121e-01 -1.045678257942199707e-01 1.875010728836059570e-01
1.490198224782943726e-01 1.268914639949798584e-01 -7.389181256294250488e-01 -9.766826033592224121e-01 1.045678257942199707e-01 -1.875010728836059570e-01
-6.898631155490875244e-02 9.790661279112100601e-04 -9.426369667053222656e-01 2.146883457899093628e-01 4.757108688354492188e-01 -8.529994487762451172e-01
1.539460271596908569e-01 3.770553693175315857e-02 -8.637772202491760254e-01 2.146883457899093628e-01 4.757108688354492188e-01 -8.529994487762451172e-01
1.183728873729705811e-01 1.647787690162658691e-01 -7.861613631248474121e-01 -2.146883457899093628e-01 -4.757108688354492188e-01 8.529994487762451172e-01
-1.344387084245681763e-01 -6.242636591196060181e-02 -7.479583024978637695e-01 9.766826033592224121e-01 -1.045678257942199707e-01 1.875010728836059570e-01
2.013216540217399597e-02 2.027948200702667236e-01 -7.904584407806396484e-01 4.207179297089811646e-16 8.733640313148498535e-01 4.870680272579193115e-01
1.954765021800994873e-01 1.945065259933471680e-01 -7.755966782569885254e-01 4.207179297089811646e-16 8.733640313148498535e-01 4.870680272579193115e-01
1.621970087289810181e-01 -9.895149618387222290e-02 -8.620776534080505371e-01 9.766826033592224121e-01 -1.045678257942199707e-01 1.875010728836059570e-01
-2.777753397822380066e-02 -4.255485907196998596e-02 -9.426118135452270508e-01 9.745194315910339355e-01 -1.624319553375244141e-01 1.546862721443176270e-01
-1.521766185760498047e-01 1.625095009803771973e-01 -7.182226181030273438e-01 4.207179297089811646e-16 8.733640313148498535e-01 4.870680272579193115e-01
9.732815623283386230e-02 1.216797083616256714e-01 -8.311954736709594727e-01 2.146883457899093628e-01 4.757108688354492188e-01 -8.529994487762451172e-01
-5.724576488137245178e-02 1.856799870729446411e-01 -7.872675061225891113e-01 4.207179297089811646e-16 8.733640313148498535e-01 4.870680272579193115e-01
1.152104213833808899e-01 -1.624211519956588745e-01 -7.241541743278503418e-01 -9.766826033592224121e-01 1.045678257942199707e-01 -1.875010728836059570e-01
1.350856572389602661e-01 -9.769426286220550537e-02 -7.201550006866455078e-01 9.766826033592224121e-01 -1.045678257942199707e-01 1.875010728836059570e-01
4.570505395531654358e-02 9.812971204519271851e-02 -6.302806735038757324e-01 4.207179297089811646e-16 8.733640313148498535e-01 4.870680272579193115e-01
1.585797518491744995e-01 1.402026563882827759e-01 -6.782241463661193848e-01 4.207179297089811646e-16 8.733640313148498535e-01 4.870680272579193115e-01
1.335700750350952148e-01 -9.477902948856353760e-02 -7.106345891952514648e-01 9.766826033592224121e-01 -1.045678257942199707e-01 1.875010728836059570e-01
1.179328188300132751e-01 2.114883810281753540e-01 -8.061065673828125000e-01 2.146883457899093628e-01 4.757108688354492188e-01 -8.529994487762451172e-01
-9.298886358737945557e-02 1.440684050321578979e-01 -8.487077951431274414e-01 9.766826033592224121e-01 -1.045678257942199707e-01 1.875010728836059570e-01
-1.060292348265647888e-01 -7.117734849452972412e-02 -9.722524881362915039e-01 -9.766826033592224121e-01 1.045678257942199707e-01 -1.875010728836059570e-01
-1.161664277315139771e-01 1.920511126518249512e-01 -7.986916303634643555e-01 4.207179297089811646e-16 8.733640313148498535e-01 4.870680272579193115e-01
-1.541678309440612793e-01 2.921239659190177917e-02 -6.655147671699523926e-01 -9.766826033592224121e-01 1.045678257942199707e-01 -1.875010728836059570e-01
-1.081590056419372559e-01 5.710187554359436035e-02 -8.896183967590332031e-01 -9.766826033592224121e-01 1.045678257942199707e-01 -1.875010728836059570e-01
4.612089321017265320e-02 -1.669805496931076050e-01 -7.170892953872680664e-01 -9.745193123817443848e-01 4.623990505933761597e-02 -2.194855958223342896e-01
-1.157204583287239075e-01 7.550648599863052368e-02 -5.743820667266845703e-01 -2.146883457899093628e-01 -4.757108688354492188e-01 8.529994487762451172e-01
-3.065466322004795074e-02 1.224545612931251526e-01 -8.652434945106506348e-01 2.146883457899093628e-01 4.757108688354492188e-01 -8.529994487762451172e-01
-1.130420491099357605e-01 1.397883892059326172e-01 -7.821032404899597168e-01 -2.146883457899093628e-01 -4.757108688354492188e-01 8.529994487762451172e-01
1.244223713874816895e-01 -1.202702969312667847e-01 -6.772010326385498047e-01 9.766826033592224121e-01 -1.045678257942199707e-01 1.875010728836059570e-01
1.628513336181640625e-01 2.428765874356031418e-03 -8.089470267295837402e-01 9.766826033592224121e-01 -1.045678257942199707e-01 1.875010728836059570e-01
-9.750624001026153564e-02 -2.758112736046314240e-02 -9.209045767784118652e-01 9.766826033592224121e-01 -1.045678257942199707e-01 1.875010728836059570e-01
1.524317711591720581e-01 1.051656156778335571e-01 -8.265364170074462891e-01 2.146883457899093628e-01 4.757108688354492188e-01 -8.529994487762451172e-01
1.178000196814537048e-01 3.105361014604568481e-02 -8.765844106674194336e-01 2.146883457899093628e-01 4.757108688354492188e-01 -8.529994487762451172e-01
1.754051446914672852e-01 9.544093906879425049e-02 -8.224670290946960449e-01 9.766826033592224121e-01 -1.045678257942199707e-01 1.875010728836059570e-01
4.476793482899665833e-02 -3.657150268554687500e-02 -6.291179656982421875e-01 -2.146883457899093628e-01 -4.757108688354492188e-01 8.529994487762451172e-01
-7.774928212165832520e-02 -1.398783922195434570e-01 -7.332686781883239746e-01 2.146883457899093628e-01 4.757108688354492188e-01 -8.529994487762451172e-01
5.967761576175689697e-02 1.783809214830398560e-01 -7.741795182228088379e-01 4.207179297089811646e-16 8.733640313148498535e-01 4.870680272579193115e-01
-8.775406330823898315e-02 -2.665458805859088898e-02 -9.470701813697814941e-01 -2.146883457899093628e-01 -4.757108688354492188e-01 8.529994487762451172e-01
7.859861850738525391e-02 1.072807237505912781e-01 -6.466894149780273438e-01 4.207179297089811646e-16 8.733640313148498535e-01 4.870680272579193115e-01
1.199380233883857727e-01 -2.124066650867462158e-01 -7.334066629409790039e-01 -4.207179297089811646e-16 -8.733640313148498535e-01 -4.870680272579193115e-01
1.660254150629043579e-01 -8.804054558277130127e-02 -8.759347200393676758e-01 9.766826033592224121e-01 -1.045678257942199707e-01 1.875010728836059570e-01
1.715452671051025391e-01 -8.188690245151519775e-02 -9.012554883956909180e-01 9.766826033592224121e-01 -1.045678257942199707e-01 1.875010728836059570e-01
1.843315735459327698e-02 7.402443885803222656e-02 -5.595596432685852051e-01 4.207179297089811646e-16 8.733640313148498535e-01 4.870680272579193115e-01
1.595871597528457642e-01 1.691800504922866821e-01 -7.703788280487060547e-01 -9.766826033592224121e-01 1.045678257942199707e-01 -1.875010728836059570e-01
9.946235269308090210e-02 -6.577847898006439209e-02 -6.473420262336730957e-01 2.146883457899093628e-01 4.757108688354492188e-01 -8.529994487762451172e-01
1.600526124238967896e-01 1.290456056594848633e-01 -6.857161521911621094e-01 4.207179297089811646e-16 8.733640313148498535e-01 4.870680272579193115e-01
1.516943871974945068e-01 6.442878395318984985e-03 -8.200230002403259277e-01 -9.766826033592224121e-01 1.045678257942199707e-01 -1.875010728836059570e-01
1.611760556697845459e-01 4.747886955738067627e-02 -7.750965356826782227e-01 9.766826033592224121e-01 -1.045678257942199707e-01 1.875010728836059570e-01
-5.192859098315238953e-03 2.196746468544006348e-01 -8.325302600860595703e-01 2.146883457899093628e-01 4.757108688354492188e-01 -8.529994487762451172e-01
-6.573345512151718140e-02 1.696050018072128296e-01 -8.477769494056701660e-01 2.146883457899093628e-01 4.757108688354492188e-01 -8.529994487762451172e-01
1.518373936414718628e-01 8.624994754791259766e-02 -6.089790463447570801e-01 4.207179297089811646e-16 8.733640313148498535e-01 4.870680272579193115e-01
-3.050666488707065582e-02 2.074986845254898071e-01 -7.988929748535156250e-01 4.207179297089811646e-16 8.733640313148498535e-01 4.870680272579193115e-01
-8.096873015165328979e-02 -1.827288419008255005e-01 -7.579762935638427734e-01 2.146883457899093628e-01 4.757108688354492188e-01 -8.529994487762451172e-01
7.995498180389404297e-02 1.959768682718276978e-01 -8.057309389114379883e-01 4.207179297089811646e-16 8.733640313148498535e-01 4.870680272579193115e-01
1.267611533403396606e-01 -1.960843801498413086e-01 -7.316644787788391113e-01 9.766826033592224121e-01 -1.045678257942199707e-01 1.875010728836059570e-01
1.205254197120666504e-01 -8.910622447729110718e-02 -6.395220756530761719e-01 9.766826033592224121e-01 -1.045678257942199707e-01 1.875010728836059570e-01
1.735635548830032349e-01 -3.450511489063501358e-03 -8.680252432823181152e-01 9.766826033592224121e-01 -1.045678257942199707e-01 1.875010728836059570e-01
1.328156441450119019e-01 5.904708057641983032e-02 -6.209172606468200684e-01 9.766826033592224121e-01 -1.045678257942199707e-01 1.875010728836059570e-01
7.289519906044006348e-02 2.079640328884124756e-01 -7.997273802757263184e-01 4.207179297089811646e-16 8.733640313148498535e-01 4.870680272579193115e-01
1.285106837749481201e-01 1.262221336364746094e-01 -6.806533336639404297e-01 4.207179297089811646e-16 8.733640313148498535e-01 4.870680272579193115e-01
-1.314229667186737061e-01 -3.025974333286285400e-02 -7.457280755043029785e-01 9.766826033592224121e-01 -1.045678257942199707e-01 1.875010728836059570e-01
-2.699984796345233917e-02 3.170533804222941399e-03 -9.151459336280822754e-01 -2.146883457899093628e-01 -4.757108688354492188e-01 8.529994487762451172e-01
5.395224690437316895e-02 1.059052348136901855e-01 -6.167252659797668457e-01 4.207179297089811646e-16 8.733640313148498535e-01 4.870680272579193115e-01
1.414310485124588013e-01 7.311280816793441772e-02 -5.616920590400695801e-01 9.766826033592224121e-01 -1.045678257942199707e-01 1.875010728836059570e-01
-1.161665562540292740e-02 1.373734027147293091e-01 -6.731510162353515625e-01 4.207179297089811646e-16 8.733640313148498535e-01 4.870680272579193115e-01
-2.101654745638370514e-02 7.453626394271850586e-02 -5.604774355888366699e-01 4.207179297089811646e-16 8.733640313148498535e-01 4.870680272579193115e-01
-7.116907835006713867e-02 8.791328966617584229e-02 -6.119616031646728516e-01 4.207179297089811646e-16 8.733640313148498535e-01 4.870680272579193115e-01
1.757493764162063599e-01 1.380641758441925049e-01 -8.004894852638244629e-01 9.766826033592224121e-01 -1.045678257942199707e-01 1.875010728836059570e-01
-2.277052961289882660e-02 1.148645579814910889e-01 -8.517906665802001953e-01 -2.146883457899093628e-01 -4.757108688354492188e-01 8.529994487762451172e-01
-9.759928286075592041e-02 -1.575961410999298096e-01 -7.324442863464355469e-01 -2.146883457899093628e-01 -4.757108688354492188e-01 8.529994487762451172e-01
-1.648060977458953857e-02 2.107406407594680786e-01 -8.322038650512695312e-01 4.207179297089811646e-16 8.733640313148498535e-01 4.870680272579193115e-01
8.814891427755355835e-02 -1.117428913712501526e-01 -6.758234500885009766e-01 2.146883457899093628e-01 4.757108688354492188e-01 -8.529994487762451172e-01
-1.372553557157516479e-01 -1.727971881628036499e-01 -8.044306039810180664e-01 -4.207179297089811646e-16 -8.733640313148498535e-01 -4.870680272579193115e-01
-2.123774215579032898e-02 7.537350803613662720e-02 -5.990012884140014648e-01 2.146883457899093628e-01 4.757108688354492188e-01 -8.529994487762451172e-01
-5.058901384472846985e-02 9.834771603345870972e-02 -6.031738519668579102e-01 4.207179297089811646e-16 8.733640313148498535e-01 4.870680272579193115e-01
-1.073506176471710205e-01 -1.305401921272277832e-01 -7.355111241340637207e-01 2.146883457899093628e-01 4.757108688354492188e-01 -8.529994487762451172e-01
1.461835205554962158e-01 1.593368500471115112e-01 -7.125337123870849609e-01 4.207179297089811646e-16 8.733640313148498535e-01 4.870680272579193115e-01
-5.052972957491874695e-02 1.090500652790069580e-01 -8.777213692665100098e-01 2.146883457899093628e-01 4.757108688354492188e-01 -8.529994487762451172e-01
1.982793398201465607e-02 1.773909181356430054e-01 -7.724043726921081543e-01 4.207179297089811646e-16 8.733640313148498535e-01 4.870680272579193115e-01
2.862532809376716614e-02 2.007294446229934692e-01 -7.867550253868103027e-01 4.207179297089811646e-16 8.733640313148498535e-01 4.870680272579193115e-01
1.431535333395004272e-01 1.199423074722290039e-01 -7.122364640235900879e-01 -9.766826033592224121e-01 1.045678257942199707e-01 -1.875010728836059570e-01
-5.477573350071907043e-02 1.576036065816879272e-01 -7.094258666038513184e-01 4.207179297089811646e-16 8.733640313148498535e-01 4.870680272579193115e-01
8.087801188230514526e-02 1.371383517980575562e-01 -7.002272605895996094e-01 4.207179297089811646e-16 8.733640313148498535e-01 4.870680272579193115e-01
1.102128624916076660e-01 -1.779244393110275269e-01 -7.067681550979614258e-01 -9.766826033592224121e-01 1.045678257942199707e-01 -1.875010728836059570e-01
3.482376411557197571e-02 -5.339561402797698975e-02 -6.429994106292724609e-01 -9.745193123817443848e-01 4.623990505933761597e-02 -2.194855958223342896e-01
-1.850032061338424683e-02 8.354787528514862061e-02 -8.686413764953613281e-01 9.745194315910339355e-01 -1.624319553375244141e-01 1.546862721443176270e-01
1.468654423952102661e-01 1.536358296871185303e-01 -7.023112177848815918e-01 4.207179297089811646e-16 8.733640313148498535e-01 4.870680272579193115e-01
-1.435058861970901489e-01 -1.219527199864387512e-01 -7.339252829551696777e-01 9.766826033592224121e-01 -1.045678257942199707e-01 1.875010728836059570e-01
1.247509419918060303e-01 4.492719843983650208e-02 -5.867832303047180176e-01 9.766826033592224121e-01 -1.045678257942199707e-01 1.875010728836059570e-01
-1.051323637366294861e-01 7.640463858842849731e-02 -8.946189880371093750e-01 -9.766826033592224121e-01 1.045678257942199707e-01 -1.875010728836059570e-01
-1.537598371505737305e-01 2.294686064124107361e-02 -6.711341738700866699e-01 -9.766826033592224121e-01 1.045678257942199707e-01 -1.875010728836059570e-01
7.041329145431518555e-02 -1.335336416959762573e-01 -6.767383813858032227e-01 -2.146883457899093628e-01 -4.757108688354492188e-01 8.529994487762451172e-01
-1.257623285055160522e-01 2.175700664520263672e-01 -8.444497585296630859e-01 4.207179297089811646e-16 8.733640313148498535e-01 4.870680272579193115e-01
1.921465061604976654e-02 1.681448668241500854e-01 -8.092409372329711914e-01 -2.146883457899093628e-01 -4.757108688354492188e-01 8.529994487762451172e-01
1.057757586240768433e-01 1.080118045210838318e-01 -6.226289272308349609e-01 -2.146883457899093628e-01 -4.757108688354492188e-01 8.529994487762451172e-01
-6.611389108002185822e-03 8.841659128665924072e-02 -6.128640770912170410e-01 4.207179297089811646e-16 8.733640313148498535e-01 4.870680272579193115e-01
-4.118683561682701111e-02 3.211240842938423157e-02 -6.124471426010131836e-01 -2.146883457899093628e-01 -4.757108688354492188e-01 8.529994487762451172e-01
-1.487562805414199829e-01 -1.612619608640670776e-01 -7.999292016029357910e-01 -9.766826033592224121e-01 1.045678257942199707e-01 -1.875010728836059570e-01
-1.303515881299972534e-01 -1.789714545011520386e-01 -7.526084184646606445e-01 -2.146883457899093628e-01 -4.757108688354492188e-01 8.529994487762451172e-01
1.278985291719436646e-01 9.660390019416809082e-02 -6.000469923019409180e-01 4.207179297089811646e-16 8.733640313148498535e-01 4.870680272579193115e-01
2.823699265718460083e-02 9.789076447486877441e-02 -6.023544669151306152e-01 4.207179297089811646e-16 8.733640313148498535e-01 4.870680272579193115e-01
-1.078219860792160034e-01 1.094319894909858704e-01 -8.621897697448730469e-01 -9.766826033592224121e-01 1.045678257942199707e-01 -1.875010728836059570e-01
1.623223423957824707e-01 1.403377503156661987e-01 -7.059641480445861816e-01 4.207179297089811646e-16 8.733640313148498535e-01 4.870680272579193115e-01
6.812366191297769547e-03 1.159379482269287109e-01 -6.431162953376770020e-01 -2.146883457899093628e-01 -4.757108688354492188e-01 8.529994487762451172e-01
1.756225079298019409e-01 1.411487907171249390e-01 -7.018502950668334961e-01 9.766826033592224121e-01 -1.045678257942199707e-01 1.875010728836059570e-01
4.546181485056877136e-02 1.570251584053039551e-01 -8.088362216949462891e-01 -2.146883457899093628e-01 -4.757108688354492188e-01 8.529994487762451172e-01
1.217812076210975647e-01 -9.529013768769800663e-04 -5.969009995460510254e-01 9.766826033592224121e-01 -1.045678257942199707e-01 1.875010728836059570e-01
-2.251740917563438416e-02 1.374767441302537918e-02 -9.166269302368164062e-01 9.745194315910339355e-01 -1.624319553375244141e-01 1.546862721443176270e-01
-9.306379407644271851e-02 3.753224853426218033e-03 -6.570209264755249023e-01 2.146883457899093628e-01 4.757108688354492188e-01 -8.529994487762451172e-01
-9.147854894399642944e-02 -7.300265878438949585e-02 -9.776337146759033203e-01 -9.766826033592224121e-01 1.045678257942199707e-01 -1.875010728836059570e-01
-1.345341503620147705e-01 -7.058387994766235352e-02 -6.932142376899719238e-01 -2.146883457899093628e-01 -4.757108688354492188e-01 8.529994487762451172e-01
9.927454590797424316e-02 1.611928790807723999e-01 -7.167289257049560547e-01 -2.146883457899093628e-01 -4.757108688354492188e-01 8.529994487762451172e-01
-1.149536073207855225e-01 -3.600655123591423035e-02 -9.061514735221862793e-01 -9.766826033592224121e-01 1.045678257942199707e-01 -1.875010728836059570e-01
-1.331396102905273438e-01 -1.717005521059036255e-01 -7.649566531181335449e-01 2.146883457899093628e-01 4.757108688354492188e-01 -8.529994487762451172e-01
1.519519090652465820e-01 1.160669550299644470e-01 -8.048762083053588867e-01 -2.146883457899093628e-01 -4.757108688354492188e-01 8.529994487762451172e-01
-4.681405052542686462e-02 9.129904955625534058e-02 -5.905348658561706543e-01 4.207179297089811646e-16 8.733640313148498535e-01 4.870680272579193115e-01
-8.900506049394607544e-02 1.223778128623962402e-01 -6.636407971382141113e-01 -2.146883457899093628e-01 -4.757108688354492188e-01 8.529994487762451172e-01
-1.086696535348892212e-01 1.544997245073318481e-01 -7.727983593940734863e-01 -2.146883457899093628e-01 -4.757108688354492188e-01 8.529994487762451172e-01
-3.928643837571144104e-02 1.549329026602208614e-03 -9.348438382148742676e-01 2.146883457899093628e-01 4.757108688354492188e-01 -8.529994487762451172e-01
-7.183942198753356934e-02 -3.282738476991653442e-02 -9.465072154998779297e-01 -2.146883457899093628e-01 -4.757108688354492188e-01 8.529994487762451172e-01
3.164261206984519958e-02 1.740352809429168701e-02 -6.139612197875976562e-01 -9.745193123817443848e-01 4.623990505933761597e-02 -2.194855958223342896e-01
7.517480850219726562e-02 -5.038374662399291992e-02 -6.448693275451660156e-01 2.146883457899093628e-01 4.757108688354492188e-01 -8.529994487762451172e-01
1.613563746213912964e-01 -7.368547469377517700e-02 -9.240339994430541992e-01 2.146883457899093628e-01 4.757108688354492188e-01 -8.529994487762451172e-01
1.080587431788444519e-01 -8.910505473613739014e-02 -9.303462505340576172e-01 -2.146883457899093628e-01 -4.757108688354492188e-01 8.529994487762451172e-01
2.517199702560901642e-02 1.143112331628799438e-01 -6.592958569526672363e-01 4.207179297089811646e-16 8.733640313148498535e-01 4.870680272579193115e-01
-3.309414163231849670e-02 1.171237826347351074e-01 -8.531290292739868164e-01 -2.146883457899093628e-01 -4.757108688354492188e-01 8.529994487762451172e-01
